90.00
90.33
90.72
91.23
91.73
92.23
92.64
93.14
93.63
94.12
94.54
95.02
95.51
95.93
96.42
96.90
97.39
97.80
98.28
98.77
99.25
99.66
100.14
100.62
101.10
101.51
101.99
102.47
103.08
103.71
104.35
104.98
105.61
106.24
106.87
107.50
108.13
108.75
109.37
109.92
110.60
111.22
111.83
112.43
113.04
113.65
114.25
114.85
115.44
116.04
time: 4.508122444152832
116.63
117.22
117.80
118.38
118.96
119.53
120.10
120.60
121.22
121.79
122.35
122.90
123.45
124.00
124.55
125.10
125.64
126.18
126.72
127.26
127.80
128.34
128.86
129.38
129.90
130.36
130.92
131.44
131.96
132.47
132.98
133.48
133.97
134.46
134.95
135.43
135.92
136.41
136.89
137.37
137.85
138.32
138.80
139.21
139.72
140.20
140.66
141.12
141.58
142.04
time: 5.038978815078735
142.50
142.95
143.40
143.86
144.31
144.75
145.19
145.64
146.08
146.52
146.96
147.40
147.83
148.27
148.70
149.13
149.55
149.98
150.40
150.82
151.23
151.65
152.06
152.47
152.87
153.27
153.67
154.06
154.46
154.85
155.20
155.63
156.02
156.39
156.77
157.15
157.53
157.90
158.28
158.65
159.01
159.39
159.76
160.13
160.50
160.85
161.21
161.56
161.87
162.26
time: 5.570957183837891
162.61
162.97
163.31
163.66
164.01
164.34
164.67
164.99
165.32
165.64
165.96
166.29
166.61
166.93
167.25
167.56
167.84
168.18
168.49
168.79
169.09
169.38
169.67
169.96
170.26
170.55
170.84
171.13
171.41
171.70
171.98
172.26
172.54
172.81
173.05
173.34
173.61
173.88
174.14
174.39
174.65
174.90
175.15
175.39
175.63
175.87
176.10
176.33
176.56
176.78
time: 6.070314645767212
177.00
177.22
177.41
177.64
177.84
178.04
178.23
178.42
178.60
178.78
178.96
179.14
179.32
179.49
179.66
179.83
180.00
180.16
180.32
180.48
180.62
180.77
180.91
181.06
181.20
181.34
181.47
181.60
181.73
181.85
181.96
182.07
182.18
182.29
182.40
182.50
182.61
182.71
182.79
182.90
182.99
183.07
183.16
183.23
183.30
183.37
183.43
183.49
183.56
183.61
time: 6.602410316467285
183.67
183.73
183.78
183.84
183.89
183.95
183.99
184.05
184.10
184.14
184.19
184.23
184.27
184.30
184.33
184.37
184.40
184.44
184.48
184.51
184.54
184.59
184.62
184.64
184.66
184.69
184.72
184.74
184.76
184.78
184.79
184.81
184.84
184.85
184.87
184.89
184.90
184.92
184.93
184.95
184.96
184.97
184.98
184.99
184.99
185.00
185.01
185.02
185.02
185.03
time: 7.13338303565979
185.03
185.03
185.02
185.01
185.01
185.01
185.01
185.00
184.99
184.98
184.96
184.95
184.93
184.92
184.91
184.89
184.87
184.87
184.85
184.84
184.82
184.81
184.80
184.79
184.79
184.79
184.79
184.79
184.79
184.79
184.78
184.78
184.78
184.78
184.78
184.78
184.77
184.77
184.77
184.77
184.76
184.75
184.73
184.72
184.70
184.69
184.68
184.68
184.69
184.68
time: 7.632747173309326
184.66
184.64
184.62
184.61
184.60
184.62
184.63
184.63
184.61
184.60
184.59
184.59
184.58
184.57
184.58
184.58
184.59
184.60
184.61
184.61
184.61
184.62
184.63
184.65
184.67
184.68
184.70
184.72
184.74
184.75
184.77
184.78
184.79
184.79
184.79
184.80
184.82
184.82
184.82
184.82
184.83
184.84
184.84
184.85
184.87
184.88
184.88
184.88
184.90
184.91
time: 8.16582179069519
184.91
184.91
184.91
184.93
184.93
184.92
184.91
184.90
184.89
184.88
184.86
184.85
184.85
184.84
184.83
184.83
184.83
184.81
184.80
184.79
184.79
184.77
184.76
184.76
184.75
184.74
184.73
184.72
184.72
184.70
184.69
184.68
184.66
184.65
184.64
184.64
184.64
184.63
184.63
184.62
184.63
184.64
184.64
184.64
184.64
184.65
184.66
184.66
184.67
184.67
time: 8.663498163223267
184.69
184.71
184.72
184.72
184.72
184.73
184.74
184.75
184.76
184.77
184.79
184.80
184.81
184.82
184.82
184.83
184.84
184.83
184.84
184.84
184.84
184.85
184.84
184.84
184.85
184.85
184.85
184.85
184.86
184.85
184.85
184.85
184.84
184.84
184.84
184.84
184.85
184.85
184.85
184.86
184.86
184.87
184.87
184.87
184.86
184.86
184.87
184.87
184.87
184.85
time: 9.197485208511353
184.84
184.84
184.82
184.81
184.79
184.78
184.76
184.75
184.73
184.72
184.71
184.70
184.68
184.67
184.66
184.65
184.64
184.63
184.62
184.61
184.61
184.59
184.58
184.56
184.54
184.52
184.50
184.47
184.44
184.41
184.39
184.37
184.36
184.33
184.30
184.29
184.27
184.25
184.23
184.20
184.18
184.16
184.16
184.14
184.12
184.10
184.10
184.10
184.08
184.07
time: 9.728117942810059
184.06
184.06
184.04
184.03
184.01
184.01
184.02
184.02
184.03
184.03
184.02
184.02
184.00
183.99
183.98
183.99
183.98
183.98
183.97
183.97
183.96
183.96
183.95
183.94
183.93
183.91
183.89
183.88
183.86
183.85
183.84
183.83
183.82
183.83
183.83
183.82
183.81
183.80
183.81
183.81
183.81
183.81
183.81
183.81
183.81
183.82
183.83
183.83
183.83
183.84
time: 10.226189851760864
183.84
183.84
183.83
183.84
183.82
183.81
183.80
183.81
183.81
183.81
183.80
183.78
183.76
183.76
183.76
183.76
183.75
183.75
183.74
183.74
183.74
183.75
183.75
183.75
183.74
183.73
183.72
183.71
183.71
183.72
183.72
183.72
183.74
183.75
183.76
183.77
183.78
183.80
183.82
183.82
183.82
183.83
183.83
183.83
183.83
183.83
183.83
183.83
183.83
183.82
time: 10.760006666183472
183.82
183.79
183.78
183.77
183.76
183.76
183.75
183.74
183.73
183.72
183.72
183.70
183.70
183.70
183.69
183.70
183.71
183.71
183.70
183.70
183.70
183.70
183.71
183.71
183.72
183.73
183.74
183.75
183.75
183.76
183.76
183.77
183.77
183.77
183.77
183.78
183.78
183.78
183.79
183.78
183.78
183.78
183.79
183.79
183.78
183.78
183.78
183.78
183.77
183.75
time: 11.291311740875244
183.73
183.70
183.69
183.66
183.64
183.62
183.60
183.59
183.56
183.54
183.53
183.52
183.50
183.51
183.50
183.51
183.52
183.54
183.54
183.55
183.55
183.56
183.57
183.57
183.58
183.58
183.59
183.57
183.56
183.54
183.53
183.52
183.50
183.49
183.49
183.48
183.47
183.46
183.44
183.43
183.43
183.43
183.43
183.42
183.41
183.41
183.40
183.39
183.37
183.38
time: 11.79059910774231
183.38
183.38
183.39
183.39
183.38
183.38
183.37
183.37
183.37
183.37
183.37
183.38
183.39
183.39
183.38
183.38
183.38
183.37
183.36
183.35
183.34
183.33
183.32
183.31
183.30
183.29
183.28
183.27
183.27
183.25
183.25
183.24
183.22
183.20
183.20
183.20
183.20
183.20
183.20
183.20
183.19
183.19
183.18
183.17
183.16
183.15
183.14
183.13
183.11
183.08
time: 12.321550607681274
183.07
183.07
183.06
183.06
183.05
183.06
183.06
183.08
183.09
183.10
183.11
183.11
183.11
183.12
183.12
183.12
183.13
183.14
183.15
183.13
183.14
183.15
183.14
183.13
183.13
183.13
183.12
183.11
183.11
183.11
183.12
183.12
183.12
183.12
183.11
183.10
183.10
183.10
183.09
183.09
183.09
183.08
183.08
183.08
183.08
183.08
183.08
183.08
183.09
183.10
time: 12.820297002792358
183.10
183.09
183.08
183.08
183.07
183.07
183.07
183.06
183.05
183.04
183.03
183.01
182.99
182.98
182.98
182.96
182.95
182.95
182.94
182.93
182.93
182.92
182.92
182.93
182.92
182.92
182.92
182.92
182.90
182.88
182.87
182.86
182.85
182.84
182.85
182.84
182.83
182.82
182.80
182.78
182.76
182.75
182.73
182.73
182.73
182.74
182.73
182.73
182.72
182.73
time: 13.352745294570923
182.72
182.71
182.70
182.70
182.69
182.68
182.67
182.65
182.65
182.65
182.64
182.64
182.63
182.64
182.64
182.64
182.64
182.65
182.65
182.66
182.67
182.66
182.66
182.67
182.67
182.67
182.66
182.66
182.66
182.66
182.66
182.66
182.67
182.65
182.63
182.63
182.63
182.63
182.62
182.60
182.60
182.59
182.58
182.56
182.56
182.55
182.53
182.51
182.49
182.48
time: 13.88444972038269
182.46
182.46
182.45
182.45
182.44
182.43
182.43
182.42
182.42
182.42
182.45
182.49
182.54
182.57
182.63
182.69
182.72
182.75
182.76
182.76
182.76
182.74
182.70
182.67
182.63
182.55
182.46
182.44
182.44
182.47
182.48
182.49
182.47
182.41
182.26
182.26
182.31
182.38
182.46
182.53
182.60
182.68
182.80
182.92
183.05
183.17
183.28
183.37
183.47
183.54
time: 14.383222818374634
183.62
183.69
183.72
183.75
183.79
183.86
183.92
183.97
184.02
184.08
184.13
184.17
184.22
184.27
184.32
184.38
184.44
184.51
184.67
184.79
184.90
184.96
185.04
185.11
185.24
185.39
185.58
185.78
185.98
186.20
186.47
186.73
187.01
187.28
187.56
187.81
188.11
188.39
188.64
188.90
189.11
189.35
189.62
189.87
190.10
190.31
190.55
190.81
191.06
191.30
time: 14.914999723434448
191.53
191.75
191.98
192.19
192.45
192.70
192.96
193.21
193.49
193.78
194.07
194.36
194.63
194.92
195.22
195.55
195.87
196.20
196.50
196.80
197.11
197.37
197.69
197.99
198.28
198.54
198.83
199.11
199.42
199.72
200.00
200.26
200.50
200.73
200.96
201.16
201.32
201.43
201.53
201.61
201.73
201.78
201.74
201.71
201.78
201.90
202.03
202.16
202.28
202.36
time: 15.447808504104614
202.40
202.46
202.53
202.56
202.48
202.42
202.40
202.41
202.44
202.51
202.60
202.71
202.77
202.80
202.75
202.69
202.68
202.73
202.82
202.90
202.97
202.99
202.99
202.99
202.97
202.96
202.94
202.95
202.96
202.88
202.74
202.62
202.55
202.54
202.54
202.53
202.49
202.45
202.38
202.32
202.27
202.22
202.15
202.10
202.10
202.08
202.08
202.09
202.12
202.14
time: 15.945964813232422
202.16
202.16
202.15
202.14
202.10
202.07
202.07
202.07
202.07
202.05
202.07
202.10
202.14
202.21
202.26
202.33
202.39
202.45
202.52
202.60
202.68
202.75
202.83
202.88
202.95
203.02
203.08
203.14
203.19
203.24
203.31
203.41
203.47
203.54
203.61
203.65
203.70
203.74
203.78
203.81
203.84
203.88
203.91
203.94
203.96
204.00
204.01
204.00
203.99
203.98
time: 16.478298902511597
203.97
203.98
203.98
203.98
203.99
204.00
204.02
204.02
204.04
204.06
204.08
204.11
204.13
204.15
204.17
204.20
204.24
204.29
204.32
204.35
204.37
204.40
204.43
204.46
204.48
204.50
204.52
204.54
204.56
204.58
204.60
204.62
204.65
204.68
204.70
204.73
204.75
204.77
204.79
204.81
204.83
204.84
204.86
204.86
204.87
204.88
204.88
204.89
204.89
204.90
time: 16.97689390182495
204.90
204.90
204.90
204.89
204.87
204.86
204.85
204.85
204.84
204.83
204.82
204.80
204.77
204.76
204.75
204.73
204.71
204.69
204.68
204.67
204.66
204.64
204.62
204.61
204.60
204.58
204.57
204.56
204.54
204.53
204.53
204.52
204.51
204.50
204.50
204.49
204.51
204.53
204.54
204.52
204.51
204.50
204.48
204.48
204.46
204.45
204.43
204.42
204.42
204.42
time: 17.509273290634155
204.41
204.41
204.40
204.40
204.39
204.43
204.45
204.46
204.46
204.47
204.47
204.47
204.46
204.46
204.45
204.44
204.44
204.43
204.44
204.44
204.44
204.43
204.44
204.44
204.44
204.44
204.43
204.43
204.42
204.40
204.40
204.41
204.42
204.44
204.47
204.46
204.46
204.44
204.42
204.39
204.38
204.37
204.37
204.37
204.36
204.36
204.37
204.39
204.39
204.39
time: 18.041035175323486
204.37
204.37
204.36
204.36
204.36
204.37
204.39
204.40
204.42
204.44
204.46
204.47
204.48
204.48
204.50
204.52
204.54
204.55
204.57
204.57
204.58
204.58
204.59
204.59
204.60
204.61
204.61
204.61
204.61
204.62
204.64
204.64
204.64
204.62
204.61
204.59
204.58
204.57
204.57
204.57
204.57
204.57
204.57
204.57
204.58
204.58
204.58
204.57
204.57
204.57
time: 18.540125131607056
204.58
204.58
204.57
204.58
204.58
204.58
204.58
204.58
204.59
204.59
204.59
204.59
204.59
204.59
204.59
204.59
204.60
204.60
204.60
204.60
204.61
204.61
204.61
204.62
204.62
204.62
204.62
204.62
204.61
204.61
204.61
204.61
204.60
204.60
204.60
204.59
204.59
204.59
204.60
204.59
204.59
204.59
204.58
204.58
204.58
204.58
204.58
204.58
204.57
204.56
time: 19.071399688720703
204.55
204.55
204.54
204.53
204.53
204.53
204.53
204.51
204.50
204.49
204.48
204.48
204.47
204.48
204.48
204.48
204.49
204.49
204.49
204.50
204.51
204.51
204.52
204.53
204.54
204.53
204.55
204.56
204.57
204.58
204.58
204.59
204.59
204.59
204.60
204.60
204.60
204.60
204.59
204.58
204.57
204.56
204.56
204.55
204.55
204.55
204.55
204.54
204.54
204.54
time: 19.603323221206665
204.55
204.55
204.55
204.55
204.55
204.56
204.55
204.55
204.54
204.55
204.56
204.56
204.57
204.57
204.57
204.58
204.58
204.59
204.60
204.61
204.61
204.62
204.63
204.63
204.64
204.65
204.65
204.65
204.66
204.67
204.67
204.67
204.68
204.67
204.67
204.67
204.68
204.68
204.68
204.68
204.68
204.68
204.67
204.67
204.68
204.67
204.67
204.67
204.67
204.67
time: 20.103306531906128
204.68
204.67
204.67
204.67
204.67
204.68
204.68
204.68
204.68
204.68
204.66
204.66
204.65
204.63
204.62
204.62
204.62
204.61
204.60
204.60
204.59
204.59
204.58
204.58
204.59
204.58
204.59
204.59
204.60
204.60
204.60
204.60
204.61
204.61
204.61
204.61
204.61
204.62
204.62
204.61
204.61
204.62
204.62
204.63
204.64
204.64
204.65
204.65
204.65
204.66
time: 20.634960651397705
204.66
204.67
204.68
204.68
204.69
204.69
204.70
204.70
204.70
204.70
204.70
204.70
204.70
204.70
204.69
204.70
204.70
204.69
204.69
204.69
204.69
204.69
204.69
204.68
204.67
204.67
204.66
204.67
204.67
204.66
204.66
204.67
204.66
204.66
204.67
204.68
204.67
204.67
204.67
204.67
204.67
204.68
204.68
204.69
204.68
204.67
204.66
204.65
204.66
204.66
time: 21.13365340232849
204.66
204.65
204.65
204.65
204.65
204.65
204.66
204.67
204.69
204.70
204.72
204.73
204.75
204.77
204.78
204.80
204.82
204.83
204.85
204.86
204.87
204.88
204.88
204.89
204.89
204.90
204.89
204.89
204.89
204.89
204.88
204.88
204.88
204.88
204.87
204.87
204.86
204.86
204.86
204.86
204.84
204.84
204.83
204.84
204.85
204.86
204.85
204.85
204.84
204.84
time: 21.665568590164185
204.83
204.83
204.81
204.81
204.79
204.79
204.79
204.79
204.78
204.79
204.78
204.78
204.77
204.77
204.76
204.76
204.76
204.75
204.75
204.76
204.75
204.74
204.73
204.74
204.74
204.73
204.72
204.72
204.72
204.71
204.72
204.72
204.71
204.70
204.70
204.71
204.71
204.70
204.70
204.69
204.69
204.70
204.70
204.71
204.72
204.72
204.72
204.73
204.74
204.74
time: 22.197429180145264
204.74
204.75
204.76
204.77
204.79
204.79
204.80
204.79
204.80
204.80
204.80
204.81
204.80
204.80
204.80
204.79
204.79
204.80
204.81
204.81
204.82
204.81
204.81
204.80
204.79
204.78
204.77
204.76
204.76
204.75
204.75
204.75
204.75
204.75
204.75
204.76
204.77
204.77
204.77
204.78
204.78
204.79
204.81
204.81
204.82
204.84
204.84
204.84
204.84
204.83
time: 22.696635723114014
204.84
204.83
204.83
204.83
204.82
204.81
204.81
204.80
204.81
204.80
204.80
204.79
204.79
204.79
204.79
204.78
204.77
204.76
204.76
204.76
204.76
204.76
204.76
204.76
204.76
204.76
204.77
204.77
204.77
204.77
204.77
204.77
204.77
204.77
204.77
204.76
204.76
204.76
204.76
204.77
204.78
204.78
204.77
204.78
204.78
204.78
204.78
204.77
204.77
204.76
time: 23.22858190536499
204.77
204.77
204.78
204.78
204.78
204.78
204.78
204.78
204.79
204.79
204.79
204.78
204.78
204.78
204.79
204.79
204.78
204.78
204.78
204.77
204.76
204.75
204.75
204.74
204.74
204.73
204.73
204.71
204.71
204.70
204.69
204.68
204.68
204.67
204.66
204.66
204.65
204.65
204.66
204.65
204.65
204.64
204.64
204.64
204.63
204.64
204.64
204.64
204.64
204.64
time: 23.76015853881836
204.65
204.64
204.65
204.65
204.65
204.66
204.66
204.66
204.68
204.69
204.70
204.68
204.69
204.68
204.68
204.67
204.66
204.67
204.67
204.68
204.69
204.73
204.74
204.75
204.76
204.76
204.77
204.76
204.77
204.77
204.78
204.79
204.79
204.80
204.79
204.79
204.79
204.79
204.80
204.80
204.79
204.79
204.78
204.78
204.77
204.77
204.76
204.75
204.75
204.74
time: 24.259685039520264
204.73
204.73
204.73
204.73
204.73
204.74
204.75
204.75
204.76
204.76
204.77
204.77
204.77
204.76
204.75
204.75
204.74
204.73
204.72
204.71
204.70
204.69
204.67
204.67
204.66
204.66
204.66
204.67
204.66
204.65
204.64
204.64
204.62
204.60
204.57
204.56
204.55
204.55
204.55
204.55
204.56
204.56
204.56
204.56
204.56
204.55
204.56
204.55
204.54
204.54
time: 24.791342973709106
204.53
204.54
204.54
204.54
204.55
204.55
204.55
204.56
204.55
204.55
204.55
204.56
204.57
204.58
204.61
204.63
204.65
204.68
204.71
204.72
204.74
204.77
204.80
204.83
204.85
204.88
204.90
204.93
204.96
204.98
205.00
205.02
205.04
205.04
205.03
205.03
205.02
205.01
204.99
204.97
204.94
204.91
204.88
204.85
204.83
204.79
204.77
204.74
204.72
204.70
time: 25.290398120880127
204.68
204.67
204.66
204.66
204.66
204.69
204.71
204.74
204.76
204.80
204.83
204.86
204.88
204.91
204.94
204.97
205.00
205.03
205.07
205.11
205.14
205.17
205.20
205.21
205.22
205.23
205.22
205.22
205.22
205.21
205.20
205.21
205.21
205.22
205.22
205.23
205.24
205.25
205.26
205.27
205.27
205.27
205.27
205.26
205.25
205.25
205.24
205.23
205.22
205.20
time: 25.822141408920288
205.19
205.17
205.16
205.15
205.14
205.12
205.10
205.07
205.06
205.04
205.02
205.02
205.02
205.02
205.02
205.02
205.03
205.03
205.03
205.03
205.03
205.03
205.03
205.02
205.02
205.04
205.08
205.10
205.09
205.08
205.09
205.11
205.11
205.10
205.07
205.05
205.04
205.05
205.08
205.10
205.09
205.06
205.03
205.00
204.96
204.92
204.89
204.79
204.72
204.71
time: 26.354296445846558
204.74
204.75
204.75
204.75
204.75
204.74
204.74
204.72
204.70
204.68
204.66
204.64
204.60
204.54
204.45
204.33
204.22
204.13
204.07
204.00
203.88
203.73
203.60
203.41
203.24
203.04
202.89
202.70
202.56
202.37
202.20
202.02
201.85
201.70
201.54
201.39
201.22
201.04
200.88
200.67
200.48
200.27
200.06
199.83
199.58
199.31
199.03
198.73
198.38
198.01
time: 26.8532235622406
197.65
197.27
196.90
196.52
196.16
195.79
195.40
195.03
194.72
194.31
193.91
193.56
193.19
192.79
192.42
192.07
191.71
191.36
190.98
190.62
190.23
189.82
189.45
189.10
188.76
188.42
188.18
187.82
187.45
187.11
186.86
186.59
186.34
186.07
185.78
185.54
185.33
185.09
184.74
184.34
183.97
183.66
183.36
183.14
183.00
182.90
182.81
182.73
182.69
182.45
time: 27.38525104522705
181.93
181.73
181.66
181.73
181.78
181.77
181.70
181.66
181.58
181.54
181.60
181.64
181.69
181.80
181.56
181.44
181.49
181.48
181.43
181.38
181.30
181.21
181.12
181.05
180.96
180.83
180.64
180.31
179.96
179.57
179.24
178.98
178.64
178.41
178.25
178.12
177.94
177.75
177.57
177.39
177.27
177.15
177.07
176.98
176.83
176.77
176.68
176.63
176.50
176.30
time: 27.917393922805786
176.07
175.83
175.65
175.56
175.50
175.49
175.49
175.51
175.47
175.40
175.35
175.32
175.33
175.34
175.37
175.40
175.42
175.37
175.33
175.27
175.23
175.17
175.11
175.08
175.05
174.94
174.80
174.69
174.61
174.46
174.25
174.03
173.88
173.75
173.62
173.36
173.10
172.75
172.50
172.31
172.15
172.04
171.94
171.87
171.80
171.70
171.61
171.52
171.44
171.34
time: 28.415766716003418
171.24
171.16
171.08
170.94
170.73
170.62
170.44
170.24
170.10
169.94
169.80
169.73
169.70
169.68
169.74
169.76
169.82
169.79
169.81
169.74
169.70
169.63
169.53
169.44
169.34
169.20
169.05
168.90
168.79
168.73
168.66
168.59
168.52
168.39
168.29
168.19
168.09
168.02
167.95
167.94
167.89
167.87
167.82
167.79
167.78
167.76
167.74
167.75
167.78
167.81
time: 28.948423147201538
167.82
167.81
167.81
167.78
167.79
167.81
167.82
167.88
167.93
167.98
167.99
167.98
167.97
167.99
168.04
168.07
168.13
168.21
168.31
168.39
168.44
168.46
168.50
168.53
168.57
168.60
168.63
168.65
168.68
168.69
168.70
168.65
168.63
168.61
168.60
168.59
168.56
168.55
168.55
168.56
168.56
168.56
168.57
168.57
168.58
168.59
168.58
168.54
168.52
168.54
time: 29.44691753387451
168.56
168.58
168.59
168.61
168.64
168.67
168.69
168.71
168.70
168.69
168.70
168.73
168.75
168.77
168.79
168.78
168.75
168.73
168.70
168.69
168.69
168.70
168.70
168.69
168.69
168.70
168.45
168.62
168.49
168.51
168.53
168.54
168.55
168.54
168.55
168.56
168.58
168.57
168.55
168.55
168.55
168.55
168.56
168.58
168.63
168.66
168.66
168.65
168.65
168.66
time: 29.97927975654602
168.71
168.75
168.79
168.81
168.83
168.83
168.83
168.86
168.82
168.84
168.87
168.93
168.98
169.06
169.11
169.16
169.21
169.26
169.31
169.35
169.39
169.41
169.47
169.47
169.47
169.47
169.44
169.41
169.41
169.41
169.40
169.41
169.37
169.38
169.40
169.40
169.41
169.43
169.44
169.43
169.44
169.45
169.44
169.45
169.43
169.41
169.40
169.41
169.41
169.45
time: 30.51088309288025
169.48
169.53
169.55
169.58
169.61
169.64
169.68
169.71
169.75
169.81
169.82
169.88
169.90
169.95
170.00
170.05
170.08
170.12
170.13
170.13
170.13
170.13
170.19
170.19
170.25
170.28
170.32
170.36
170.39
170.40
170.42
170.45
170.48
170.51
170.53
170.55
170.55
170.55
170.55
170.54
170.54
170.55
170.60
170.65
170.70
170.76
170.83
170.89
170.97
171.00
time: 31.010533094406128
171.02
171.05
171.07
171.12
171.15
171.21
171.27
171.31
171.32
171.33
171.35
171.41
171.42
171.45
171.47
171.49
171.50
171.50
171.51
171.52
171.55
171.57
171.58
171.63
171.64
171.66
171.70
171.64
171.63
171.62
171.63
171.64
171.63
171.62
171.58
171.63
171.65
171.73
171.82
171.89
171.97
172.05
172.13
172.18
172.24
172.30
172.33
172.38
172.44
172.47
time: 31.54178261756897
172.50
172.57
172.62
172.65
172.72
172.80
172.89
172.97
173.02
173.07
173.12
173.16
173.21
173.29
173.37
173.44
173.49
173.51
173.53
173.57
173.62
173.69
173.75
173.81
173.84
173.87
173.89
173.91
173.96
173.98
174.02
174.07
174.10
174.13
174.16
174.17
174.16
174.14
174.15
174.16
174.16
174.16
174.17
174.20
174.18
174.18
174.20
174.21
174.23
174.26
time: 32.07423377037048
174.26
174.25
174.23
174.21
174.18
174.11
174.11
174.08
174.08
174.08
174.05
174.03
174.02
174.05
174.05
174.07
174.10
174.13
174.18
174.26
174.37
174.48
174.56
174.67
174.81
174.95
175.07
175.19
175.29
175.36
175.40
175.49
175.57
175.64
175.72
175.85
176.00
176.14
176.29
176.42
176.54
176.63
176.69
176.70
176.66
176.66
176.63
176.59
176.56
176.51
time: 32.57252311706543
176.46
176.42
176.39
176.37
176.36
176.37
176.37
176.38
176.38
176.39
176.39
176.39
176.37
176.33
176.28
176.23
176.18
176.13
176.06
176.01
175.96
175.90
175.84
175.78
175.71
175.69
175.66
175.60
175.56
175.50
175.42
175.34
175.23
175.12
175.02
174.91
174.78
174.66
174.53
174.42
174.34
174.27
174.19
174.14
174.11
174.10
174.11
174.14
174.16
174.18
time: 33.10441732406616
174.21
174.20
174.21
174.20
174.17
174.16
174.12
174.07
173.99
173.92
173.86
173.81
173.78
173.75
173.67
173.61
173.49
173.37
173.26
173.18
173.11
173.03
172.93
172.84
172.76
172.65
172.58
172.44
172.36
172.23
172.11
172.02
171.98
171.88
171.83
171.79
171.76
171.66
171.59
171.47
171.39
171.29
171.20
171.11
171.06
170.99
170.94
170.90
170.85
170.77
time: 33.60369801521301
170.73
170.69
170.66
170.67
170.65
170.64
170.61
170.58
170.56
170.55
170.55
170.54
170.53
170.53
170.52
170.50
170.46
170.44
170.43
170.46
170.50
170.55
170.58
170.59
170.60
170.58
170.55
170.56
170.59
170.65
170.69
170.74
170.76
170.77
170.78
170.76
170.75
170.76
170.79
170.81
170.82
170.80
170.78
170.76
170.75
170.74
170.74
170.71
170.70
170.71
time: 34.13551592826843
170.69
170.66
170.64
170.63
170.62
170.62
170.64
170.66
170.67
170.71
170.76
170.82
170.86
170.91
170.97
171.05
171.13
171.18
171.19
171.19
171.15
171.10
171.03
170.96
170.86
170.76
170.66
170.56
170.50
170.42
170.35
170.30
170.27
170.25
170.21
170.19
170.20
170.25
170.31
170.39
170.46
170.51
170.57
170.62
170.66
170.70
170.73
170.73
170.72
170.73
time: 34.66765594482422
170.73
170.73
170.71
170.69
170.66
170.59
170.51
170.46
170.39
170.34
170.34
170.35
170.37
170.39
170.40
170.40
170.43
170.46
170.50
170.56
170.64
170.73
170.91
171.17
171.46
171.69
171.87
172.00
172.12
172.22
172.31
172.35
172.36
172.39
172.36
172.38
172.39
172.41
172.45
172.50
172.56
172.64
172.73
172.80
172.86
172.89
172.93
172.96
173.00
173.05
time: 35.166967153549194
173.13
173.22
173.29
173.37
173.44
173.52
173.61
173.68
173.71
173.72
173.73
173.70
173.67
173.66
173.63
173.61
173.58
173.55
173.50
173.47
173.43
173.40
173.35
173.29
173.23
173.21
173.17
173.10
173.06
173.02
173.00
172.96
172.90
172.85
172.82
172.80
172.78
172.77
172.78
172.78
172.78
172.76
172.72
172.69
172.65
172.61
172.59
172.59
172.58
172.56
time: 35.698211669921875
172.56
172.55
172.55
172.54
172.55
172.55
172.57
172.59
172.60
172.59
172.56
172.51
172.49
172.48
172.47
172.48
172.46
172.45
172.43
172.41
172.38
172.36
172.34
172.31
172.31
172.28
172.25
172.21
172.19
172.16
172.15
172.16
172.13
172.10
172.10
172.09
172.08
172.07
172.05
172.04
172.01
172.00
171.96
171.96
171.97
171.96
171.93
171.88
171.83
171.79
time: 36.23070669174194
171.72
171.68
171.62
171.55
171.47
171.38
171.33
171.26
171.22
171.13
171.08
171.04
170.99
170.95
170.91
170.88
170.87
170.86
170.86
170.87
170.88
170.87
170.87
170.88
170.88
170.88
170.86
170.86
170.85
170.85
170.87
170.88
170.86
170.83
170.82
170.81
170.79
170.81
170.83
170.83
170.81
170.81
170.79
170.78
170.78
170.80
170.86
170.92
170.96
170.96
time: 36.72985076904297
170.91
170.86
170.80
170.75
170.69
170.62
170.57
170.52
170.50
170.48
170.47
170.46
170.38
170.31
170.24
170.20
170.16
170.14
170.12
170.12
170.11
170.08
170.07
170.07
170.09
170.12
170.16
170.19
170.17
170.17
170.14
170.14
170.11
170.10
170.10
170.09
170.08
170.07
170.05
169.99
169.91
169.86
169.83
169.77
169.72
169.61
169.50
169.39
169.26
169.13
time: 37.26155495643616
169.01
168.87
168.78
168.72
168.65
168.60
168.55
168.49
168.44
168.40
168.36
168.33
168.30
168.30
168.27
168.25
168.24
168.25
168.24
168.26
168.25
168.20
168.15
168.10
168.06
168.04
167.99
167.96
167.92
167.85
167.77
167.71
167.63
167.56
167.51
167.47
167.43
167.41
167.41
167.41
167.41
167.44
167.49
167.54
167.59
167.62
167.61
167.62
167.61
167.62
time: 37.76041865348816
167.63
167.63
167.63
167.63
167.60
167.58
167.54
167.50
167.47
167.49
167.51
167.52
167.51
167.52
167.52
167.51
167.51
167.51
167.51
167.49
167.47
167.46
167.48
167.49
167.48
167.46
167.42
167.38
167.35
167.31
167.31
167.31
167.32
167.33
167.34
167.34
167.33
167.31
167.29
167.25
167.25
167.25
167.26
167.26
167.25
167.24
167.24
167.25
167.26
167.27
time: 38.29249167442322
167.30
167.32
167.33
167.33
167.32
167.31
167.32
167.34
167.32
167.29
167.28
167.28
167.26
167.22
167.21
167.22
167.25
167.25
167.24
167.24
167.22
167.20
167.17
167.14
167.13
167.14
167.14
167.12
167.12
167.10
167.10
167.11
167.13
167.13
167.15
167.20
167.23
167.26
167.25
167.27
167.31
167.35
167.39
167.42
167.43
167.41
167.39
167.36
167.32
167.25
time: 38.8243613243103
167.22
167.17
167.11
167.04
166.97
166.92
166.85
166.82
166.83
166.84
166.87
166.88
166.90
166.94
166.99
167.04
167.09
167.16
167.22
167.27
167.33
167.39
167.45
167.49
167.52
167.54
167.54
167.56
167.59
167.62
167.64
167.65
167.64
167.64
167.66
167.68
167.70
167.71
167.74
167.75
167.76
167.76
167.75
167.71
167.65
167.58
167.53
167.52
167.51
167.52
time: 39.323490381240845
167.52
167.48
167.44
167.43
167.41
167.37
167.33
167.25
167.17
167.09
167.03
166.97
166.94
166.94
166.93
166.92
166.93
166.95
166.97
167.02
167.06
167.10
167.14
167.15
167.17
167.18
167.19
167.20
167.22
167.23
167.28
167.33
167.38
167.41
167.46
167.54
167.59
167.66
167.71
167.81
167.88
167.91
167.95
168.00
168.07
168.19
168.36
168.55
168.75
168.93
time: 39.85552215576172
169.09
169.23
169.36
169.48
169.60
169.75
169.91
170.08
170.30
170.53
170.74
170.97
171.19
171.39
171.57
171.78
172.04
172.28
172.58
172.85
173.07
173.25
173.41
173.54
173.62
173.73
173.87
174.04
174.19
174.33
174.45
174.57
174.68
174.72
174.83
174.98
175.12
175.26
175.38
175.53
175.74
175.95
176.17
176.37
176.67
176.96
177.25
177.54
177.80
178.03
time: 40.387073278427124
