90.36
90.76
91.27
91.79
92.22
92.73
93.24
93.74
94.17
94.67
95.18
95.60
96.10
96.59
97.09
97.51
98.01
98.50
98.92
99.42
99.91
100.41
100.84
101.34
101.84
102.33
102.75
103.41
104.07
104.74
105.40
106.05
106.71
107.36
108.01
108.66
109.30
109.94
110.58
111.22
111.78
112.47
113.04
113.73
114.37
114.99
115.62
116.25
116.87
117.48
time: 4.54016900062561
118.10
118.71
119.32
119.94
120.55
121.15
121.76
122.36
122.95
123.54
124.14
124.74
125.33
125.92
126.50
127.09
127.67
128.25
128.83
129.42
129.99
130.58
131.16
131.73
132.30
132.86
133.42
133.98
134.54
135.09
135.63
136.18
136.73
137.28
137.82
138.36
138.90
139.43
139.97
140.50
140.97
141.55
142.03
142.61
143.14
143.66
144.18
144.70
145.22
145.74
time: 5.0396764278411865
146.25
146.76
147.26
147.76
148.26
148.75
149.25
149.74
150.24
150.73
151.22
151.70
152.19
152.68
153.16
153.64
154.12
154.60
155.09
155.56
156.03
156.50
156.97
157.44
157.91
158.37
158.83
159.29
159.75
160.20
160.64
161.09
161.54
161.98
162.43
162.88
163.31
163.75
164.19
164.62
165.06
165.45
165.93
166.32
166.80
167.22
167.64
168.06
168.48
168.89
time: 5.5714662075042725
169.31
169.72
170.12
170.52
170.92
171.31
171.71
172.11
172.51
172.89
173.27
173.65
174.04
174.42
174.80
175.19
175.57
175.94
176.32
176.69
177.06
177.43
177.80
178.16
178.51
178.88
179.23
179.57
179.91
180.25
180.59
180.93
181.27
181.60
181.93
182.26
182.60
182.92
183.24
183.56
183.88
184.16
184.50
184.78
185.12
185.43
185.73
186.04
186.34
186.63
time: 6.103024482727051
186.91
187.19
187.47
187.75
188.02
188.29
188.56
188.83
189.10
189.37
189.63
189.88
190.14
190.39
190.64
190.89
191.14
191.38
191.62
191.84
192.06
192.27
192.48
192.69
192.90
193.09
193.28
193.47
193.66
193.86
194.05
194.23
194.41
194.58
194.75
194.91
195.07
195.23
195.39
195.55
195.71
195.85
196.02
196.15
196.31
196.45
196.59
196.72
196.84
196.97
time: 6.601409912109375
197.08
197.19
197.28
197.38
197.46
197.55
197.64
197.73
197.82
197.91
197.99
198.06
198.15
198.22
198.30
198.38
198.46
198.55
198.62
198.68
198.74
198.80
198.86
198.91
198.94
199.00
199.07
199.14
199.20
199.26
199.32
199.37
199.42
199.47
199.52
199.56
199.62
199.67
199.72
199.77
199.80
199.84
199.88
199.92
199.95
200.00
200.03
200.06
200.09
200.11
time: 7.13338303565979
200.14
200.15
200.17
200.18
200.19
200.20
200.22
200.22
200.23
200.23
200.23
200.25
200.27
200.27
200.27
200.28
200.30
200.30
200.30
200.31
200.30
200.30
200.30
200.31
200.31
200.32
200.33
200.32
200.32
200.33
200.33
200.33
200.32
200.32
200.31
200.29
200.29
200.29
200.29
200.29
200.28
200.27
200.26
200.25
200.25
200.25
200.24
200.22
200.21
200.21
time: 7.632747173309326
200.20
200.18
200.16
200.15
200.15
200.15
200.15
200.12
200.11
200.13
200.14
200.17
200.17
200.18
200.20
200.20
200.20
200.19
200.18
200.17
200.14
200.10
200.08
200.07
200.08
200.10
200.10
200.10
200.11
200.13
200.14
200.15
200.16
200.17
200.17
200.15
200.12
200.11
200.08
200.07
200.06
200.05
200.03
200.02
200.00
200.00
200.00
199.99
199.99
199.97
time: 8.163823366165161
199.96
199.95
199.94
199.94
199.93
199.92
199.91
199.89
199.88
199.88
199.86
199.84
199.85
199.84
199.84
199.85
199.85
199.84
199.86
199.87
199.87
199.86
199.84
199.84
199.84
199.83
199.82
199.80
199.79
199.81
199.82
199.82
199.83
199.83
199.83
199.81
199.80
199.80
199.79
199.80
199.80
199.79
199.80
199.79
199.78
199.80
199.81
199.82
199.83
199.83
time: 8.696078538894653
199.81
199.80
199.82
199.82
199.80
199.79
199.79
199.78
199.78
199.79
199.78
199.79
199.79
199.79
199.79
199.78
199.79
199.80
199.81
199.81
199.79
199.78
199.79
199.77
199.75
199.75
199.75
199.75
199.77
199.78
199.79
199.82
199.84
199.85
199.88
199.90
199.90
199.90
199.90
199.89
199.87
199.86
199.86
199.87
199.87
199.87
199.87
199.84
199.86
199.87
time: 9.194629192352295
199.87
199.88
199.90
199.91
199.91
199.93
199.97
200.00
200.01
200.01
200.03
200.05
200.06
200.07
200.09
200.09
200.08
200.06
200.03
200.02
199.99
199.95
199.92
199.90
199.84
199.80
199.80
199.82
199.81
199.82
199.81
199.79
199.78
199.77
199.75
199.73
199.73
199.72
199.72
199.71
199.70
199.68
199.66
199.63
199.62
199.61
199.61
199.62
199.61
199.61
time: 9.726144790649414
199.61
199.60
199.61
199.63
199.65
199.65
199.65
199.64
199.64
199.65
199.67
199.67
199.68
199.68
199.67
199.67
199.66
199.65
199.64
199.64
199.65
199.64
199.64
199.63
199.66
199.65
199.65
199.65
199.63
199.62
199.61
199.61
199.59
199.58
199.55
199.55
199.54
199.55
199.55
199.53
199.52
199.52
199.52
199.53
199.53
199.53
199.55
199.55
199.55
199.56
time: 10.25821042060852
199.56
199.55
199.56
199.57
199.58
199.58
199.58
199.57
199.56
199.54
199.55
199.56
199.58
199.60
199.62
199.62
199.62
199.62
199.62
199.62
199.63
199.62
199.61
199.59
199.58
199.56
199.53
199.51
199.50
199.48
199.47
199.46
199.44
199.41
199.39
199.38
199.37
199.34
199.34
199.32
199.31
199.29
199.27
199.26
199.25
199.24
199.23
199.20
199.18
199.16
time: 10.757002353668213
199.15
199.14
199.13
199.10
199.08
199.05
198.99
198.95
198.90
198.87
198.86
198.83
198.80
198.78
198.75
198.73
198.72
198.72
198.73
198.73
198.73
198.73
198.73
198.73
198.73
198.73
198.74
198.77
198.77
198.78
198.78
198.77
198.78
198.79
198.81
198.81
198.83
198.84
198.86
198.86
198.84
198.81
198.78
198.77
198.77
198.79
198.80
198.83
198.85
198.87
time: 11.288701295852661
198.90
198.90
198.89
198.89
198.88
198.89
198.90
198.91
198.90
198.89
198.89
198.88
198.85
198.83
198.82
198.80
198.80
198.80
198.80
198.80
198.79
198.78
198.79
198.79
198.79
198.78
198.79
198.80
198.79
198.75
198.75
198.75
198.74
198.75
198.74
198.74
198.73
198.71
198.72
198.73
198.73
198.74
198.76
198.76
198.76
198.76
198.77
198.78
198.80
198.81
time: 11.787585258483887
198.82
198.83
198.84
198.84
198.83
198.82
198.81
198.79
198.78
198.77
198.76
198.76
198.75
198.75
198.75
198.76
198.76
198.76
198.77
198.77
198.79
198.80
198.81
198.81
198.82
198.82
198.80
198.79
198.77
198.77
198.77
198.76
198.76
198.77
198.77
198.77
198.75
198.76
198.77
198.79
198.80
198.81
198.81
198.82
198.82
198.81
198.80
198.76
198.73
198.69
time: 12.319553136825562
198.66
198.65
198.63
198.64
198.65
198.67
198.69
198.70
198.71
198.73
198.74
198.76
198.75
198.75
198.76
198.76
198.74
198.74
198.73
198.73
198.73
198.75
198.74
198.72
198.69
198.68
198.69
198.70
198.71
198.71
198.72
198.72
198.71
198.68
198.67
198.66
198.65
198.65
198.64
198.63
198.60
198.60
198.60
198.61
198.61
198.61
198.62
198.60
198.58
198.58
time: 12.851125001907349
198.58
198.55
198.53
198.51
198.51
198.50
198.48
198.49
198.49
198.49
198.47
198.45
198.43
198.42
198.42
198.42
198.43
198.41
198.41
198.41
198.39
198.39
198.40
198.42
198.42
198.43
198.44
198.44
198.44
198.45
198.43
198.45
198.45
198.44
198.41
198.41
198.41
198.41
198.39
198.39
198.37
198.36
198.36
198.36
198.35
198.33
198.32
198.30
198.29
198.25
time: 13.349967241287231
198.25
198.26
198.24
198.24
198.24
198.25
198.25
198.21
198.20
198.20
198.18
198.17
198.16
198.15
198.15
198.14
198.13
198.12
198.12
198.13
198.11
198.11
198.11
198.11
198.11
198.10
198.12
198.12
198.11
198.11
198.11
198.11
198.12
198.14
198.15
198.13
198.15
198.14
198.13
198.12
198.11
198.12
198.12
198.10
198.09
198.08
198.06
198.06
198.06
198.07
time: 13.881881475448608
198.08
198.06
198.05
198.07
198.09
198.11
198.12
198.12
198.11
198.11
198.11
198.11
198.08
198.03
198.03
198.04
198.05
198.10
198.16
198.26
198.38
198.52
198.68
198.83
198.97
199.13
199.30
199.48
199.67
199.83
199.98
200.12
200.25
200.34
200.42
200.52
200.64
200.79
200.95
201.13
201.32
201.52
201.70
201.86
202.02
202.19
202.35
202.55
202.70
202.86
time: 14.413585662841797
203.02
203.22
203.43
203.68
203.91
204.13
204.35
204.58
204.81
205.04
205.35
205.67
206.00
206.36
206.72
207.05
207.35
207.61
207.87
208.16
208.46
208.77
209.05
209.35
209.65
209.94
210.23
210.53
210.83
211.14
211.45
211.78
212.12
212.49
212.86
213.25
213.63
214.02
214.41
214.82
215.26
215.72
216.19
216.68
217.18
217.67
218.12
218.52
219.00
219.38
time: 14.912113428115845
219.80
220.17
220.53
220.86
221.18
221.48
221.77
222.07
222.37
222.71
223.02
223.32
223.61
223.90
224.19
224.48
224.79
225.11
225.43
225.73
226.03
226.36
226.67
226.98
227.29
227.61
227.91
228.18
228.48
228.86
229.28
229.71
230.17
230.60
231.01
231.34
231.63
231.87
232.06
232.24
232.39
232.58
232.80
233.02
233.23
233.42
233.60
233.76
233.92
234.11
time: 15.44427490234375
234.27
234.45
234.60
234.75
234.93
235.12
235.32
235.52
235.72
235.89
236.04
236.16
236.28
236.42
236.58
236.79
237.02
237.26
237.45
237.59
237.66
237.70
237.73
237.74
237.74
237.75
237.77
237.78
237.81
237.89
238.02
238.17
238.32
238.45
238.52
238.54
238.52
238.48
238.43
238.42
238.42
238.42
238.42
238.46
238.52
238.55
238.55
238.55
238.56
238.57
time: 15.942880868911743
238.60
238.63
238.67
238.68
238.70
238.70
238.71
238.74
238.78
238.81
238.85
238.89
238.94
239.00
239.05
239.10
239.16
239.23
239.30
239.37
239.45
239.53
239.58
239.64
239.71
239.78
239.83
239.90
239.97
240.04
240.09
240.15
240.21
240.29
240.37
240.44
240.50
240.54
240.59
240.66
240.72
240.79
240.85
240.92
240.98
241.02
241.07
241.10
241.16
241.22
time: 16.474741220474243
241.26
241.30
241.33
241.38
241.43
241.48
241.54
241.58
241.62
241.67
241.71
241.75
241.77
241.79
241.79
241.80
241.81
241.82
241.83
241.84
241.87
241.89
241.91
241.92
241.93
241.95
241.97
241.97
241.97
241.96
241.95
241.95
241.95
241.95
241.96
241.97
241.98
242.00
242.01
242.03
242.04
242.05
242.05
242.06
242.07
242.08
242.08
242.08
242.07
242.08
time: 17.00704526901245
242.08
242.08
242.09
242.10
242.11
242.11
242.10
242.10
242.10
242.10
242.09
242.08
242.07
242.05
242.04
242.03
242.03
242.03
242.03
242.03
242.03
242.02
242.01
241.99
241.96
241.94
241.93
241.92
241.89
241.87
241.84
241.81
241.78
241.76
241.75
241.75
241.74
241.71
241.68
241.64
241.61
241.59
241.57
241.55
241.54
241.54
241.54
241.53
241.51
241.49
time: 17.505284070968628
241.49
241.47
241.47
241.46
241.46
241.46
241.45
241.43
241.44
241.46
241.46
241.46
241.46
241.46
241.46
241.47
241.47
241.49
241.49
241.50
241.50
241.49
241.50
241.51
241.50
241.50
241.50
241.51
241.52
241.53
241.53
241.54
241.54
241.53
241.51
241.50
241.48
241.47
241.47
241.46
241.46
241.45
241.46
241.47
241.47
241.48
241.48
241.47
241.45
241.44
time: 18.03704261779785
241.42
241.40
241.39
241.38
241.37
241.38
241.40
241.40
241.40
241.38
241.37
241.34
241.33
241.33
241.32
241.33
241.33
241.32
241.32
241.33
241.32
241.32
241.33
241.33
241.33
241.34
241.32
241.29
241.27
241.26
241.27
241.27
241.26
241.24
241.22
241.21
241.20
241.20
241.19
241.17
241.16
241.14
241.14
241.15
241.16
241.17
241.19
241.19
241.19
241.20
time: 18.56903338432312
241.20
241.19
241.18
241.17
241.15
241.14
241.14
241.16
241.16
241.16
241.17
241.18
241.18
241.18
241.17
241.17
241.18
241.19
241.20
241.20
241.20
241.20
241.19
241.19
241.18
241.19
241.18
241.19
241.19
241.19
241.19
241.19
241.19
241.20
241.19
241.19
241.18
241.16
241.15
241.14
241.14
241.14
241.14
241.15
241.14
241.14
241.13
241.13
241.13
241.12
time: 19.0680832862854
241.11
241.10
241.10
241.11
241.13
241.14
241.16
241.17
241.18
241.18
241.17
241.18
241.18
241.19
241.20
241.21
241.21
241.21
241.21
241.20
241.19
241.18
241.18
241.17
241.16
241.16
241.17
241.17
241.16
241.17
241.16
241.17
241.16
241.17
241.17
241.18
241.18
241.17
241.16
241.15
241.14
241.14
241.13
241.13
241.12
241.12
241.12
241.11
241.10
241.09
time: 19.599669456481934
241.08
241.07
241.07
241.06
241.06
241.05
241.04
241.04
241.05
241.06
241.07
241.08
241.11
241.12
241.11
241.10
241.10
241.09
241.10
241.10
241.10
241.10
241.11
241.11
241.12
241.10
241.10
241.10
241.11
241.11
241.11
241.12
241.13
241.13
241.14
241.16
241.18
241.19
241.20
241.20
241.22
241.23
241.24
241.25
241.25
241.26
241.25
241.24
241.24
241.24
time: 20.098220825195312
241.24
241.23
241.23
241.23
241.22
241.21
241.20
241.20
241.19
241.19
241.18
241.17
241.16
241.15
241.13
241.12
241.12
241.10
241.09
241.07
241.06
241.04
241.02
241.02
241.02
241.01
241.00
241.00
240.99
240.99
240.98
240.98
240.98
240.98
240.98
240.98
240.98
240.98
240.99
240.99
240.99
240.98
240.98
241.00
241.01
241.02
241.01
241.02
241.02
241.02
time: 20.630278825759888
241.01
241.01
241.01
241.02
241.02
241.01
241.01
241.01
241.00
240.99
240.99
240.98
240.96
240.96
240.96
240.96
240.98
240.98
240.98
240.99
240.98
240.99
240.99
240.99
241.00
241.00
241.00
241.01
241.01
241.01
241.00
241.00
240.99
241.00
241.00
241.00
241.00
241.00
240.99
240.99
240.99
240.98
240.97
240.95
240.93
240.91
240.89
240.87
240.85
240.84
time: 21.161802768707275
240.84
240.84
240.83
240.82
240.81
240.80
240.78
240.77
240.77
240.78
240.79
240.80
240.80
240.80
240.81
240.82
240.82
240.83
240.84
240.85
240.87
240.88
240.88
240.89
240.88
240.89
240.88
240.89
240.88
240.88
240.88
240.88
240.88
240.88
240.88
240.88
240.88
240.88
240.89
240.88
240.86
240.86
240.86
240.85
240.85
240.85
240.86
240.87
240.88
240.89
time: 21.660547494888306
240.89
240.89
240.89
240.88
240.87
240.87
240.86
240.87
240.87
240.87
240.86
240.84
240.83
240.81
240.81
240.82
240.81
240.81
240.81
240.80
240.80
240.78
240.77
240.77
240.76
240.74
240.74
240.73
240.72
240.71
240.72
240.73
240.73
240.73
240.74
240.75
240.75
240.75
240.74
240.74
240.73
240.73
240.73
240.74
240.75
240.74
240.74
240.74
240.73
240.75
time: 22.19273805618286
240.75
240.76
240.77
240.78
240.78
240.79
240.79
240.80
240.81
240.81
240.81
240.81
240.81
240.81
240.81
240.81
240.80
240.78
240.79
240.78
240.77
240.74
240.73
240.73
240.74
240.74
240.74
240.73
240.72
240.71
240.72
240.72
240.71
240.71
240.70
240.69
240.70
240.71
240.72
240.71
240.71
240.71
240.72
240.72
240.73
240.73
240.74
240.74
240.74
240.75
time: 22.724419593811035
240.77
240.77
240.77
240.77
240.77
240.76
240.76
240.75
240.75
240.74
240.74
240.73
240.71
240.71
240.69
240.68
240.67
240.66
240.65
240.64
240.63
240.61
240.60
240.60
240.60
240.62
240.64
240.66
240.67
240.67
240.67
240.69
240.70
240.71
240.72
240.71
240.71
240.72
240.73
240.72
240.73
240.73
240.73
240.74
240.74
240.75
240.75
240.76
240.76
240.75
time: 23.2226402759552
240.75
240.75
240.77
240.77
240.78
240.79
240.78
240.78
240.78
240.79
240.79
240.80
240.81
240.81
240.81
240.81
240.81
240.82
240.83
240.83
240.83
240.83
240.83
240.82
240.83
240.82
240.82
240.82
240.82
240.81
240.81
240.81
240.81
240.82
240.83
240.83
240.83
240.82
240.82
240.81
240.82
240.82
240.82
240.82
240.82
240.82
240.81
240.81
240.81
240.81
time: 23.75520920753479
240.80
240.80
240.80
240.79
240.79
240.79
240.79
240.79
240.79
240.81
240.81
240.82
240.81
240.82
240.82
240.82
240.82
240.82
240.83
240.84
240.85
240.86
240.86
240.86
240.87
240.87
240.88
240.88
240.87
240.87
240.87
240.88
240.88
240.88
240.88
240.86
240.86
240.86
240.86
240.87
240.88
240.89
240.89
240.90
240.90
240.89
240.85
240.81
240.78
240.75
time: 24.25362229347229
240.73
240.70
240.64
240.58
240.53
240.50
240.46
240.44
240.42
240.41
240.38
240.34
240.29
240.26
240.23
240.22
240.20
240.16
240.11
240.06
240.02
239.98
239.95
239.91
239.88
239.83
239.78
239.74
239.72
239.69
239.65
239.62
239.58
239.54
239.52
239.49
239.47
239.47
239.47
239.46
239.45
239.43
239.41
239.39
239.38
239.36
239.35
239.33
239.32
239.31
time: 24.78571343421936
239.30
239.29
239.27
239.23
239.18
239.14
239.12
239.08
239.02
238.94
238.87
238.84
238.86
238.91
238.95
238.99
239.02
239.06
239.08
239.09
239.10
239.09
239.07
239.06
239.06
239.07
239.08
239.08
239.10
239.11
239.13
239.15
239.15
239.17
239.20
239.22
239.22
239.23
239.22
239.22
239.23
239.24
239.22
239.22
239.21
239.19
239.17
239.15
239.12
239.09
time: 25.317353010177612
239.06
239.03
239.01
238.98
238.96
238.94
238.92
238.92
238.92
238.94
238.96
238.98
239.00
239.01
239.01
239.03
239.06
239.10
239.13
239.16
239.17
239.19
239.23
239.29
239.36
239.46
239.56
239.61
239.63
239.64
239.64
239.66
239.68
239.71
239.72
239.72
239.73
239.74
239.76
239.77
239.78
239.79
239.76
239.74
239.72
239.71
239.72
239.72
239.71
239.70
time: 25.8161780834198
239.70
239.71
239.74
239.75
239.72
239.68
239.63
239.59
239.55
239.53
239.51
239.48
239.45
239.42
239.39
239.38
239.34
239.27
239.22
239.23
239.22
239.23
239.25
239.27
239.33
239.37
239.39
239.38
239.36
239.31
239.26
239.24
239.23
239.24
239.28
239.32
239.36
239.39
239.44
239.47
239.52
239.55
239.57
239.59
239.63
239.66
239.71
239.77
239.83
239.89
time: 26.348689794540405
239.92
239.94
239.94
239.93
239.92
239.93
239.94
239.96
239.97
239.97
239.96
239.94
239.91
239.91
239.91
239.92
239.96
240.01
240.09
240.16
240.23
240.28
240.29
240.30
240.29
240.25
240.19
240.11
239.99
239.85
239.70
239.52
239.32
239.09
238.81
238.51
238.17
237.82
237.47
237.13
236.79
236.44
236.05
235.65
235.28
234.87
234.40
233.92
233.43
232.94
time: 26.8797128200531
232.43
231.92
231.38
230.82
230.30
229.77
229.22
228.67
228.15
227.63
227.11
226.57
226.00
225.43
224.84
224.24
223.69
222.99
222.42
221.71
221.06
220.39
219.71
218.97
218.22
217.45
216.65
215.81
214.98
214.14
213.29
212.51
211.69
210.88
210.07
209.30
208.51
207.78
207.09
206.46
205.90
205.37
204.78
204.17
203.53
202.92
202.31
201.70
201.07
200.48
time: 27.37859058380127
199.82
199.11
198.34
197.53
196.61
195.45
194.24
193.01
191.73
190.57
189.47
188.35
187.32
186.34
185.20
184.31
183.74
183.11
182.69
182.33
182.03
181.76
181.56
181.43
181.33
181.24
181.16
181.19
181.21
181.16
181.11
181.07
180.98
180.89
180.83
180.81
180.67
180.58
180.49
180.33
180.20
180.07
179.86
179.70
179.61
179.53
179.49
179.43
179.42
179.27
time: 27.910409688949585
179.27
179.27
179.34
179.38
179.34
179.35
179.31
179.29
179.36
179.29
179.34
179.33
179.32
179.34
179.27
179.18
179.10
179.01
178.90
178.74
178.55
178.40
178.30
177.93
177.68
177.62
177.51
177.38
177.28
177.09
176.96
176.92
176.92
176.81
176.79
177.00
177.10
177.14
177.14
176.99
177.04
177.04
177.06
177.16
177.27
177.36
177.35
177.32
177.29
177.38
time: 28.409684896469116
177.32
177.33
177.28
177.28
177.35
177.27
177.29
177.27
177.08
177.04
177.00
176.97
176.85
176.57
176.42
175.79
175.45
175.33
175.23
175.16
175.15
175.09
175.12
175.04
175.08
175.07
175.00
174.86
174.88
174.69
174.49
174.23
174.18
173.88
173.21
173.28
173.44
173.56
173.37
173.39
173.28
173.25
172.70
172.75
172.91
172.98
172.82
172.44
172.68
172.79
time: 28.94087553024292
173.00
172.52
172.69
172.84
172.36
172.58
172.81
172.95
173.08
173.22
173.23
173.24
173.30
173.47
172.98
173.15
173.24
172.86
172.89
172.89
172.94
173.03
173.13
173.21
173.30
173.14
173.13
173.02
172.35
171.95
172.15
172.26
172.46
172.72
172.92
172.61
172.43
172.28
172.47
172.64
172.71
172.75
172.29
172.14
172.31
172.27
172.45
172.40
172.58
172.68
time: 29.472907304763794
172.79
172.89
172.55
172.52
172.65
172.39
172.31
172.40
172.11
172.29
171.95
171.70
171.89
171.71
171.89
172.09
172.28
172.45
172.32
172.05
171.92
171.71
171.68
171.64
171.44
171.60
171.83
172.05
172.23
172.16
172.37
172.11
172.34
172.49
172.64
172.78
172.86
172.41
172.33
172.52
172.14
172.18
172.36
172.50
172.71
172.55
172.73
172.81
173.06
173.24
time: 29.9718599319458
172.94
172.84
172.69
172.95
172.89
172.99
173.11
172.97
172.72
172.49
172.29
172.11
172.32
172.49
172.60
172.60
172.89
173.03
173.22
173.41
173.53
173.53
173.51
173.52
173.47
173.15
172.89
173.01
173.07
172.74
173.11
173.27
172.96
172.76
172.57
172.77
172.75
172.92
173.08
172.97
173.25
173.54
173.29
173.12
173.02
172.96
173.09
172.82
172.97
173.21
time: 30.50323796272278
173.07
173.38
173.47
173.80
173.89
173.98
174.15
173.98
174.29
174.56
174.69
174.49
174.01
173.71
173.87
173.87
173.59
173.97
174.18
174.19
174.54
174.73
174.47
174.11
174.25
174.22
173.98
174.11
173.85
174.14
173.98
174.06
173.82
173.89
173.99
173.63
173.80
173.90
174.09
173.97
173.73
173.88
174.01
174.24
174.44
173.79
173.52
173.73
173.48
173.72
time: 31.03526282310486
173.96
173.71
173.94
174.03
173.57
173.19
172.79
172.73
173.01
173.01
173.16
173.34
173.58
173.81
173.86
174.15
174.33
174.06
174.36
174.58
174.32
173.80
173.70
173.07
173.35
173.53
173.73
174.14
174.38
174.64
174.57
174.68
174.55
174.51
174.15
174.11
173.80
173.44
173.45
172.98
172.61
172.86
173.08
172.78
172.95
172.70
172.60
172.76
172.93
173.09
time: 31.534130573272705
173.23
173.40
173.29
173.40
172.77
172.31
172.48
172.45
172.57
172.43
172.55
172.30
172.17
171.93
172.07
172.27
172.32
172.43
172.67
172.48
172.43
172.17
172.44
172.61
172.78
172.89
172.98
172.49
172.71
172.47
172.44
171.94
172.14
171.75
171.95
172.23
172.47
172.82
173.16
173.40
172.97
173.19
172.82
172.75
173.04
173.20
173.04
173.18
173.21
172.95
time: 32.06573033332825
173.01
172.82
172.73
172.90
172.53
172.83
173.08
172.80
173.01
172.80
172.92
172.80
173.26
173.59
173.73
173.83
173.65
173.85
173.70
173.93
173.77
173.96
173.66
173.22
173.60
173.34
173.68
174.07
174.38
174.19
174.05
174.44
174.44
174.28
174.57
174.83
174.96
174.99
175.09
175.03
174.51
174.04
174.15
174.31
174.44
174.56
174.80
174.72
174.91
175.00
time: 32.564533948898315
174.40
174.35
174.30
174.08
173.79
173.57
173.80
174.07
174.12
173.82
173.45
173.03
173.07
173.18
173.47
173.59
173.83
173.53
173.38
173.38
172.98
173.27
173.50
173.28
173.52
173.72
173.91
174.04
174.05
174.25
174.07
174.16
173.79
173.91
173.29
172.97
173.16
173.37
172.97
173.18
173.32
172.94
172.77
172.64
172.64
172.99
173.35
173.49
173.38
173.52
time: 33.096354246139526
173.52
173.94
174.28
174.09
174.40
174.25
174.30
174.19
174.29
174.17
174.25
174.41
174.76
174.84
174.43
174.80
175.14
174.91
174.76
175.00
174.84
174.86
174.67
174.58
174.55
174.75
174.98
175.15
175.22
175.35
175.48
175.46
175.33
175.21
175.17
175.15
174.86
174.82
174.85
175.16
175.13
175.21
175.35
175.51
175.75
176.03
176.32
176.58
177.01
177.36
time: 33.62843060493469
177.87
178.01
178.16
178.22
178.16
178.25
178.25
178.40
178.47
178.65
178.70
178.71
178.59
178.63
178.58
178.81
178.98
179.02
179.04
179.08
179.11
179.21
179.27
179.53
179.56
179.64
179.70
179.66
179.59
179.52
179.43
179.52
179.55
179.68
179.74
179.82
179.78
179.83
179.89
180.05
180.38
180.61
180.81
180.99
181.18
181.29
181.44
181.60
181.74
181.85
time: 34.12738513946533
181.95
182.03
182.10
182.14
182.18
182.09
182.08
182.09
182.08
182.05
182.05
182.04
182.01
182.03
182.08
182.14
182.22
182.26
182.29
182.34
182.44
182.50
182.57
182.65
182.66
182.68
182.67
182.69
182.70
182.69
182.64
182.61
182.58
182.45
182.32
182.24
182.28
182.37
182.47
182.53
182.58
182.64
182.70
182.74
182.70
182.70
182.72
182.67
182.65
182.59
time: 34.65863919258118
182.47
182.39
182.39
182.36
182.33
182.26
182.19
182.14
182.12
182.14
182.17
182.16
182.21
182.21
182.15
182.14
182.17
182.17
182.17
182.17
182.10
181.92
181.80
181.49
181.12
180.85
180.52
180.27
180.21
180.15
180.21
180.35
180.56
180.74
180.98
181.14
181.25
181.35
181.41
181.39
181.35
181.30
181.22
181.19
181.16
181.14
181.19
181.12
181.17
181.20
time: 35.19030547142029
181.19
181.10
181.02
180.95
180.81
180.58
180.44
180.42
180.34
180.30
180.37
180.41
180.32
180.34
180.36
180.34
180.30
180.27
180.22
180.09
179.90
179.77
179.57
179.46
179.33
179.10
178.93
178.80
178.64
178.45
178.26
178.30
178.30
178.27
178.06
177.93
177.78
177.59
177.52
177.40
177.44
177.32
177.23
177.19
177.09
177.20
177.13
177.17
177.35
177.43
time: 35.68947911262512
177.34
177.34
177.11
176.96
176.40
175.88
176.09
176.46
176.71
176.60
176.69
176.83
176.97
177.02
177.00
176.87
176.75
176.74
176.70
176.67
176.72
176.76
176.86
176.87
176.92
177.00
177.10
177.10
176.82
176.88
176.84
176.87
176.85
176.84
176.63
176.44
176.47
176.42
176.49
176.13
176.17
175.56
175.64
175.69
175.74
175.76
176.12
176.29
176.53
176.50
time: 36.22115731239319
176.63
176.58
176.67
176.97
176.77
177.13
177.14
176.61
176.04
176.08
175.82
175.94
176.03
176.24
176.15
176.36
176.02
176.19
175.93
175.99
175.94
176.12
175.96
175.91
176.24
176.55
176.70
176.63
176.71
176.84
176.67
176.59
176.52
176.49
176.37
176.49
176.42
176.37
175.95
176.07
176.27
176.42
176.57
176.46
176.21
176.35
175.92
175.62
175.45
175.60
time: 36.71983766555786
175.89
176.18
176.44
176.57
176.85
176.76
176.63
176.61
176.38
175.73
175.11
174.90
175.26
175.27
175.38
175.54
175.69
175.14
175.25
175.49
175.66
175.60
174.96
175.12
175.12
174.49
174.41
174.26
174.44
174.87
175.21
175.48
175.73
176.00
176.12
176.11
175.66
175.54
175.31
175.49
175.38
175.23
175.52
175.31
175.32
175.56
175.74
175.70
176.12
176.16
time: 37.25178337097168
176.38
176.47
176.38
176.44
176.22
175.64
175.53
175.62
175.41
175.39
175.78
175.75
175.55
175.90
175.85
176.14
176.37
176.32
176.05
175.40
175.57
175.76
176.08
176.20
176.40
176.18
175.99
175.75
175.57
175.60
175.98
176.18
176.16
176.20
176.13
176.12
176.24
176.43
176.43
176.54
176.61
176.58
176.47
175.79
175.79
175.64
175.88
176.10
176.50
176.61
time: 37.78385519981384
176.62
176.62
176.76
176.87
176.98
177.10
177.09
177.17
177.23
177.00
176.87
176.59
176.53
176.67
176.62
176.86
176.99
177.24
177.52
177.68
177.73
177.69
177.58
176.97
176.74
176.71
176.85
177.03
177.39
177.69
177.65
177.24
177.09
176.86
176.80
176.98
177.20
177.51
177.81
177.80
177.83
177.33
177.19
177.09
176.87
176.94
176.96
177.04
177.15
177.27
time: 38.28256368637085
177.41
177.39
177.37
177.60
177.79
177.84
177.71
177.81
177.66
177.64
177.60
177.30
177.33
177.30
177.41
177.49
177.43
177.40
177.45
177.57
177.68
177.83
177.89
177.88
177.82
177.80
177.53
177.17
177.09
177.00
177.03
177.14
177.38
177.52
177.58
177.62
177.67
177.74
177.87
178.12
178.32
178.50
178.35
178.26
178.28
178.29
178.16
178.24
178.27
178.36
time: 38.81440329551697
178.36
178.03
178.12
178.16
178.37
178.53
178.70
178.95
178.78
178.87
178.97
179.10
179.27
179.43
179.46
179.59
179.50
179.32
179.27
179.20
179.19
179.26
179.40
179.60
179.82
179.99
180.19
180.32
180.35
180.38
180.28
180.20
180.19
180.13
180.10
180.09
180.08
180.19
180.15
180.10
180.04
179.50
179.44
179.39
179.36
179.62
179.80
180.03
180.03
179.91
time: 39.346222162246704
179.91
179.69
179.61
179.41
179.21
179.10
179.15
179.28
179.50
179.62
179.66
179.66
179.63
179.56
179.45
179.25
179.16
179.37
179.54
179.69
179.84
179.99
180.16
180.29
180.31
180.24
180.27
180.36
180.50
180.59
180.48
180.41
180.22
180.27
180.35
180.44
180.51
180.48
180.60
180.73
180.88
181.07
181.25
181.35
181.51
181.48
181.37
181.28
181.37
181.47
time: 39.844876289367676
181.62
181.74
181.96
182.18
182.40
182.57
182.79
183.14
183.45
182.73
182.91
183.06
183.00
183.12
183.33
183.62
183.76
183.92
184.14
184.46
184.71
184.80
184.86
184.99
185.18
185.42
185.63
185.78
185.85
185.95
185.99
186.17
186.39
186.64
186.91
187.20
187.48
187.77
187.95
188.14
188.24
188.35
188.45
188.59
188.62
188.66
188.73
188.80
188.86
188.95
time: 40.37704825401306
