90.37
90.82
91.40
91.98
92.57
93.06
93.65
94.24
94.83
95.33
95.94
96.55
97.06
97.67
98.27
98.87
99.36
99.94
100.50
101.06
101.52
102.05
102.55
103.06
103.47
103.95
104.59
105.21
105.83
106.42
107.00
107.58
108.09
108.72
109.29
109.85
110.39
110.93
111.46
112.00
112.53
113.07
113.60
114.14
114.66
115.19
115.70
116.21
116.71
117.21
time: 4.5399415493011475
117.64
118.19
118.68
119.14
119.59
120.04
120.49
120.93
121.39
121.86
122.34
122.81
123.27
123.74
124.20
124.66
125.12
125.58
126.05
126.50
126.98
127.44
127.90
128.37
128.84
129.31
129.77
130.23
130.69
131.14
131.60
132.06
132.53
133.00
133.48
133.95
134.42
134.83
135.33
135.80
136.24
136.70
137.15
137.61
138.07
138.53
138.98
139.43
139.87
140.31
time: 5.0381762981414795
140.76
141.21
141.66
142.11
142.56
142.96
143.45
143.90
144.34
144.78
145.21
145.65
146.08
146.51
146.94
147.36
147.79
148.21
148.63
149.05
149.46
149.88
150.28
150.64
151.08
151.49
151.90
152.30
152.70
153.10
153.49
153.88
154.27
154.66
155.04
155.43
155.81
156.19
156.56
156.93
157.30
157.62
158.02
158.38
158.74
159.10
159.46
159.81
160.15
160.50
time: 5.570358753204346
160.84
161.18
161.52
161.86
162.20
162.54
162.87
163.21
163.54
163.86
164.18
164.52
164.84
165.17
165.50
165.83
166.15
166.46
166.77
167.08
167.39
167.70
168.00
168.30
168.59
168.88
169.16
169.45
169.70
170.00
170.27
170.54
170.81
171.07
171.33
171.60
171.86
172.12
172.37
172.62
172.86
173.11
173.35
173.59
173.83
174.07
174.29
174.55
174.77
174.99
time: 6.1024329662323
175.20
175.40
175.61
175.81
176.00
176.20
176.39
176.59
176.77
176.95
177.13
177.32
177.50
177.68
177.84
178.03
178.20
178.37
178.53
178.69
178.84
179.00
179.15
179.29
179.43
179.57
179.71
179.85
179.98
180.11
180.24
180.36
180.47
180.61
180.72
180.84
180.95
181.05
181.15
181.26
181.35
181.44
181.53
181.62
181.71
181.80
181.89
181.97
182.05
182.13
time: 6.602468013763428
182.19
182.26
182.33
182.41
182.48
182.56
182.63
182.68
182.74
182.79
182.84
182.89
182.93
182.97
183.02
183.07
183.12
183.16
183.19
183.22
183.26
183.29
183.33
183.36
183.39
183.41
183.44
183.45
183.48
183.49
183.52
183.54
183.56
183.57
183.60
183.63
183.65
183.67
183.69
183.71
183.73
183.75
183.77
183.78
183.79
183.81
183.82
183.84
183.85
183.87
time: 7.133358478546143
183.88
183.87
183.88
183.88
183.88
183.89
183.90
183.91
183.92
183.92
183.92
183.91
183.93
183.95
183.94
183.93
183.93
183.94
183.92
183.92
183.93
183.94
183.94
183.93
183.90
183.89
183.88
183.88
183.89
183.88
183.89
183.88
183.88
183.88
183.89
183.88
183.88
183.87
183.87
183.86
183.86
183.85
183.85
183.84
183.84
183.83
183.83
183.80
183.77
183.75
time: 7.665287494659424
183.73
183.72
183.71
183.69
183.67
183.66
183.65
183.63
183.61
183.60
183.59
183.58
183.58
183.57
183.56
183.55
183.55
183.54
183.53
183.50
183.49
183.49
183.48
183.47
183.46
183.44
183.42
183.42
183.42
183.42
183.42
183.41
183.40
183.39
183.37
183.37
183.36
183.37
183.36
183.36
183.35
183.35
183.35
183.35
183.34
183.32
183.32
183.31
183.31
183.30
time: 8.165205001831055
183.30
183.29
183.28
183.27
183.25
183.22
183.21
183.19
183.17
183.16
183.15
183.13
183.12
183.11
183.10
183.09
183.08
183.07
183.06
183.04
183.03
183.03
183.03
183.03
183.04
183.04
183.04
183.04
183.05
183.05
183.05
183.06
183.07
183.09
183.11
183.12
183.13
183.14
183.16
183.17
183.19
183.20
183.20
183.20
183.20
183.19
183.18
183.17
183.17
183.17
time: 8.696717262268066
183.17
183.18
183.18
183.18
183.19
183.18
183.18
183.18
183.19
183.20
183.20
183.21
183.22
183.23
183.23
183.24
183.23
183.23
183.23
183.23
183.22
183.23
183.23
183.25
183.25
183.26
183.26
183.27
183.27
183.27
183.27
183.27
183.27
183.27
183.29
183.29
183.30
183.30
183.30
183.29
183.29
183.29
183.28
183.28
183.28
183.27
183.26
183.26
183.26
183.26
time: 9.19660758972168
183.27
183.28
183.28
183.29
183.30
183.30
183.32
183.32
183.32
183.32
183.33
183.33
183.33
183.34
183.34
183.33
183.34
183.36
183.38
183.39
183.41
183.42
183.44
183.44
183.45
183.46
183.47
183.48
183.48
183.49
183.49
183.50
183.51
183.51
183.51
183.51
183.51
183.52
183.53
183.55
183.55
183.56
183.58
183.60
183.61
183.62
183.63
183.63
183.63
183.63
time: 9.728769063949585
183.63
183.62
183.62
183.61
183.61
183.62
183.62
183.61
183.59
183.58
183.57
183.56
183.54
183.53
183.52
183.51
183.50
183.50
183.50
183.50
183.49
183.48
183.49
183.49
183.50
183.50
183.50
183.51
183.53
183.54
183.55
183.55
183.55
183.54
183.53
183.53
183.52
183.52
183.51
183.51
183.49
183.48
183.48
183.47
183.47
183.46
183.47
183.47
183.48
183.47
time: 10.258504629135132
183.48
183.48
183.48
183.47
183.46
183.44
183.43
183.43
183.42
183.42
183.41
183.41
183.39
183.39
183.37
183.35
183.33
183.32
183.32
183.30
183.30
183.29
183.29
183.28
183.27
183.26
183.26
183.26
183.26
183.26
183.25
183.25
183.24
183.22
183.22
183.21
183.21
183.21
183.22
183.21
183.21
183.21
183.21
183.21
183.21
183.21
183.21
183.20
183.20
183.18
time: 10.759844541549683
183.19
183.19
183.19
183.19
183.18
183.18
183.18
183.17
183.15
183.14
183.13
183.12
183.11
183.11
183.10
183.10
183.10
183.09
183.08
183.08
183.08
183.09
183.11
183.10
183.10
183.10
183.09
183.08
183.08
183.07
183.08
183.08
183.09
183.08
183.08
183.07
183.06
183.06
183.05
183.05
183.05
183.04
183.03
183.03
183.03
183.03
183.02
183.01
183.01
183.01
time: 11.291495561599731
183.01
183.01
183.01
183.01
183.00
183.01
183.03
183.03
183.04
183.05
183.06
183.06
183.06
183.06
183.06
183.05
183.04
183.03
183.01
183.00
182.99
182.99
182.99
182.98
182.99
182.99
183.00
182.99
182.99
183.00
183.01
183.00
183.01
183.01
183.01
183.02
183.04
183.06
183.07
183.07
183.06
183.06
183.06
183.06
183.07
183.06
183.06
183.07
183.06
183.06
time: 11.822196960449219
183.06
183.06
183.05
183.04
183.03
183.03
183.03
183.02
183.02
183.02
183.01
183.00
183.00
183.01
183.01
183.00
183.01
183.02
183.02
183.02
183.03
183.03
183.04
183.04
183.05
183.05
183.04
183.04
183.04
183.04
183.04
183.04
183.03
183.02
183.02
183.01
183.00
183.00
182.99
183.00
182.99
182.98
182.98
182.98
182.99
182.99
182.99
182.99
182.98
182.97
time: 12.322362661361694
182.96
182.96
182.97
182.98
183.00
183.00
183.01
182.99
182.99
182.98
182.96
182.97
182.96
182.95
182.95
182.95
182.94
182.93
182.92
182.91
182.91
182.89
182.88
182.86
182.86
182.86
182.86
182.85
182.84
182.83
182.83
182.83
182.82
182.83
182.83
182.83
182.83
182.83
182.83
182.82
182.81
182.81
182.81
182.80
182.79
182.78
182.76
182.76
182.76
182.74
time: 12.854372024536133
182.72
182.71
182.70
182.68
182.67
182.66
182.67
182.66
182.65
182.65
182.66
182.66
182.66
182.66
182.67
182.67
182.68
182.69
182.68
182.69
182.69
182.70
182.70
182.71
182.71
182.71
182.72
182.72
182.71
182.72
182.73
182.73
182.75
182.75
182.76
182.77
182.78
182.78
182.77
182.77
182.75
182.75
182.74
182.74
182.75
182.75
182.76
182.76
182.75
182.75
time: 13.354108572006226
182.74
182.75
182.74
182.74
182.73
182.70
182.68
182.68
182.66
182.66
182.65
182.64
182.64
182.63
182.62
182.61
182.61
182.59
182.57
182.55
182.54
182.54
182.54
182.53
182.52
182.51
182.49
182.48
182.47
182.47
182.47
182.47
182.46
182.44
182.43
182.43
182.42
182.43
182.43
182.41
182.40
182.37
182.35
182.34
182.33
182.31
182.30
182.28
182.26
182.24
time: 13.88455319404602
182.23
182.27
182.29
182.27
182.15
182.02
181.99
182.00
182.01
181.99
181.95
181.92
181.87
181.83
181.78
181.74
181.71
181.67
181.62
181.56
181.54
181.48
181.41
181.36
181.32
181.27
181.23
181.22
181.22
181.23
181.22
181.19
181.14
181.11
181.11
181.15
181.21
181.28
181.36
181.47
181.53
181.54
181.50
181.53
181.55
181.61
181.69
181.81
181.92
182.03
time: 14.415974378585815
182.11
182.25
182.28
182.39
182.56
182.73
182.89
183.11
183.38
183.66
183.93
184.13
184.21
184.20
184.16
184.12
184.12
184.14
184.23
184.33
184.42
184.59
184.73
184.88
185.04
185.17
185.29
185.46
185.64
185.83
186.02
186.21
186.36
186.48
186.59
186.71
186.86
187.09
187.38
187.72
188.08
188.46
188.83
189.20
189.55
189.86
190.19
190.46
190.62
190.84
time: 14.915985345840454
191.12
191.38
191.61
191.93
192.20
192.45
192.73
193.03
193.32
193.64
193.97
194.33
194.73
195.10
195.42
195.74
196.05
196.38
196.72
197.01
197.34
197.63
197.98
198.30
198.63
198.94
199.22
199.50
199.82
200.14
200.47
200.81
201.15
201.46
201.76
202.05
202.33
202.63
202.90
203.15
203.44
203.73
203.99
204.25
204.53
204.82
205.12
205.41
205.71
206.01
time: 15.44854998588562
206.29
206.56
206.82
207.06
207.34
207.63
207.92
208.19
208.52
208.82
209.12
209.40
209.69
209.98
210.30
210.59
210.88
211.11
211.33
211.56
211.76
211.97
212.17
212.36
212.54
212.70
212.86
213.00
213.16
213.32
213.48
213.61
213.72
213.84
213.93
214.01
214.08
214.15
214.25
214.33
214.40
214.44
214.46
214.49
214.50
214.53
214.53
214.57
214.60
214.61
time: 15.978959798812866
214.63
214.64
214.64
214.65
214.67
214.69
214.72
214.73
214.74
214.75
214.75
214.76
214.76
214.77
214.77
214.76
214.74
214.72
214.70
214.67
214.65
214.62
214.58
214.52
214.49
214.46
214.42
214.37
214.32
214.26
214.23
214.18
214.14
214.10
214.06
214.04
214.02
214.01
214.00
213.99
213.98
213.98
213.97
213.97
213.97
213.97
213.98
214.00
214.01
214.03
time: 16.47870135307312
214.05
214.07
214.09
214.11
214.13
214.15
214.16
214.17
214.18
214.19
214.19
214.20
214.20
214.20
214.20
214.20
214.20
214.19
214.18
214.18
214.17
214.17
214.16
214.16
214.15
214.15
214.14
214.14
214.14
214.14
214.14
214.13
214.13
214.12
214.11
214.11
214.10
214.10
214.09
214.09
214.09
214.08
214.07
214.07
214.07
214.06
214.05
214.04
214.05
214.04
time: 17.010061502456665
214.04
214.04
214.03
214.03
214.03
214.03
214.03
214.04
214.03
214.03
214.03
214.03
214.03
214.02
214.02
214.02
214.02
214.01
214.00
214.00
214.00
213.99
213.99
213.99
213.97
213.98
213.98
213.95
213.93
213.90
213.90
213.88
213.88
213.87
213.86
213.86
213.85
213.84
213.83
213.82
213.81
213.80
213.78
213.77
213.77
213.77
213.76
213.75
213.73
213.72
time: 17.509454011917114
213.70
213.68
213.66
213.65
213.63
213.62
213.61
213.59
213.58
213.57
213.56
213.55
213.54
213.54
213.54
213.53
213.52
213.50
213.50
213.51
213.50
213.50
213.49
213.49
213.49
213.47
213.46
213.45
213.43
213.42
213.40
213.39
213.37
213.36
213.36
213.36
213.36
213.35
213.35
213.35
213.35
213.34
213.32
213.29
213.26
213.23
213.19
213.14
213.10
213.04
time: 18.040549516677856
213.00
212.97
212.93
212.90
212.87
212.84
212.82
212.81
212.81
212.83
212.84
212.86
212.88
212.90
212.93
212.95
212.98
213.01
213.03
213.04
213.07
213.08
213.11
213.13
213.14
213.16
213.17
213.19
213.19
213.20
213.20
213.21
213.22
213.22
213.22
213.24
213.25
213.26
213.28
213.27
213.26
213.25
213.25
213.26
213.26
213.26
213.27
213.28
213.28
213.29
time: 18.572767734527588
213.30
213.31
213.31
213.31
213.31
213.32
213.32
213.32
213.34
213.34
213.34
213.34
213.34
213.34
213.34
213.32
213.31
213.30
213.29
213.29
213.28
213.28
213.28
213.29
213.29
213.30
213.32
213.32
213.34
213.35
213.36
213.35
213.34
213.32
213.30
213.29
213.27
213.26
213.26
213.25
213.24
213.22
213.22
213.21
213.19
213.18
213.17
213.16
213.17
213.17
time: 19.07211923599243
213.19
213.21
213.23
213.24
213.26
213.29
213.30
213.31
213.33
213.34
213.35
213.36
213.36
213.36
213.37
213.36
213.35
213.35
213.35
213.35
213.35
213.36
213.36
213.37
213.37
213.37
213.37
213.38
213.38
213.38
213.38
213.39
213.39
213.40
213.39
213.38
213.38
213.36
213.35
213.34
213.32
213.31
213.28
213.25
213.22
213.19
213.16
213.14
213.12
213.10
time: 19.603838205337524
213.09
213.07
213.06
213.05
213.05
213.06
213.07
213.09
213.09
213.09
213.10
213.10
213.10
213.11
213.11
213.11
213.10
213.10
213.10
213.11
213.10
213.09
213.09
213.09
213.10
213.10
213.11
213.13
213.14
213.16
213.17
213.17
213.18
213.19
213.19
213.21
213.23
213.25
213.28
213.32
213.35
213.38
213.43
213.47
213.51
213.54
213.57
213.60
213.63
213.64
time: 20.13524317741394
213.67
213.67
213.68
213.68
213.68
213.69
213.69
213.70
213.70
213.70
213.70
213.70
213.71
213.72
213.72
213.72
213.72
213.73
213.73
213.75
213.76
213.77
213.78
213.79
213.80
213.80
213.80
213.79
213.78
213.76
213.76
213.75
213.73
213.72
213.71
213.70
213.70
213.70
213.69
213.69
213.67
213.65
213.64
213.62
213.61
213.59
213.58
213.58
213.57
213.56
time: 20.63431739807129
213.55
213.53
213.52
213.51
213.51
213.50
213.49
213.48
213.46
213.45
213.43
213.41
213.38
213.35
213.32
213.30
213.27
213.25
213.22
213.20
213.18
213.16
213.13
213.11
213.09
213.06
213.04
213.01
212.98
212.94
212.91
212.87
212.86
212.83
212.80
212.77
212.75
212.72
212.69
212.65
212.62
212.59
212.57
212.56
212.55
212.55
212.55
212.55
212.55
212.55
time: 21.166678428649902
212.56
212.58
212.59
212.61
212.63
212.64
212.65
212.67
212.69
212.71
212.75
212.77
212.79
212.81
212.83
212.86
212.89
212.91
212.93
212.95
212.97
212.99
213.01
213.02
213.03
213.04
213.05
213.07
213.06
213.06
213.07
213.07
213.07
213.06
213.07
213.07
213.08
213.08
213.08
213.07
213.07
213.07
213.07
213.06
213.06
213.05
213.05
213.04
213.04
213.04
time: 21.66604232788086
213.04
213.04
213.03
213.04
213.04
213.04
213.05
213.05
213.06
213.06
213.07
213.07
213.07
213.08
213.08
213.09
213.09
213.10
213.11
213.11
213.11
213.12
213.11
213.12
213.12
213.13
213.13
213.12
213.12
213.12
213.12
213.13
213.12
213.12
213.13
213.12
213.12
213.11
213.11
213.11
213.12
213.11
213.12
213.12
213.12
213.13
213.12
213.11
213.11
213.11
time: 22.196953773498535
213.10
213.10
213.09
213.09
213.09
213.09
213.09
213.10
213.11
213.11
213.12
213.12
213.13
213.13
213.14
213.14
213.15
213.15
213.16
213.17
213.18
213.18
213.18
213.18
213.17
213.17
213.17
213.17
213.18
213.17
213.17
213.17
213.17
213.16
213.15
213.15
213.14
213.14
213.13
213.13
213.12
213.12
213.11
213.11
213.11
213.11
213.10
213.10
213.09
213.08
time: 22.729368925094604
213.08
213.09
213.10
213.10
213.10
213.11
213.11
213.11
213.11
213.11
213.11
213.12
213.13
213.13
213.13
213.13
213.12
213.11
213.12
213.11
213.12
213.13
213.13
213.13
213.14
213.14
213.15
213.15
213.16
213.17
213.17
213.16
213.16
213.15
213.15
213.15
213.14
213.13
213.12
213.12
213.12
213.10
213.10
213.09
213.09
213.08
213.08
213.08
213.08
213.08
time: 23.228760480880737
213.09
213.09
213.09
213.10
213.11
213.11
213.13
213.14
213.15
213.17
213.19
213.19
213.21
213.22
213.23
213.24
213.25
213.26
213.26
213.25
213.25
213.26
213.27
213.27
213.28
213.28
213.28
213.29
213.29
213.29
213.28
213.28
213.27
213.27
213.26
213.26
213.25
213.25
213.25
213.25
213.25
213.24
213.23
213.23
213.22
213.21
213.20
213.20
213.19
213.19
time: 23.760594367980957
213.19
213.19
213.20
213.20
213.21
213.21
213.22
213.22
213.23
213.23
213.24
213.24
213.24
213.25
213.26
213.27
213.27
213.26
213.26
213.26
213.25
213.25
213.24
213.23
213.22
213.22
213.22
213.21
213.21
213.22
213.22
213.22
213.23
213.23
213.22
213.21
213.20
213.20
213.19
213.19
213.19
213.19
213.20
213.21
213.22
213.22
213.21
213.21
213.21
213.20
time: 24.291903257369995
213.20
213.19
213.18
213.18
213.17
213.17
213.16
213.15
213.14
213.14
213.13
213.13
213.12
213.12
213.12
213.12
213.13
213.12
213.12
213.12
213.13
213.14
213.14
213.15
213.16
213.16
213.16
213.16
213.17
213.18
213.18
213.19
213.19
213.20
213.20
213.20
213.20
213.22
213.22
213.23
213.23
213.24
213.23
213.24
213.24
213.24
213.25
213.24
213.25
213.25
time: 24.791070699691772
213.25
213.25
213.24
213.23
213.21
213.21
213.21
213.21
213.19
213.19
213.19
213.19
213.18
213.19
213.19
213.19
213.18
213.18
213.18
213.18
213.19
213.19
213.19
213.19
213.18
213.18
213.19
213.18
213.18
213.18
213.19
213.19
213.20
213.20
213.19
213.18
213.18
213.18
213.18
213.18
213.17
213.17
213.16
213.15
213.14
213.13
213.13
213.13
213.13
213.13
time: 25.323248624801636
213.13
213.12
213.12
213.12
213.11
213.11
213.10
213.10
213.10
213.09
213.08
213.07
213.06
213.04
213.03
213.01
212.99
212.97
212.96
212.94
212.93
212.92
212.90
212.89
212.86
212.83
212.80
212.77
212.72
212.68
212.63
212.58
212.52
212.45
212.34
212.27
212.19
212.12
212.05
211.99
211.92
211.84
211.78
211.71
211.64
211.57
211.51
211.46
211.41
211.35
time: 25.822741508483887
211.29
211.24
211.19
211.14
211.09
211.04
210.99
210.96
210.92
210.89
210.86
210.84
210.81
210.79
210.77
210.75
210.74
210.72
210.70
210.69
210.67
210.66
210.63
210.62
210.60
210.59
210.59
210.58
210.57
210.56
210.55
210.53
210.51
210.50
210.48
210.47
210.47
210.46
210.44
210.42
210.40
210.38
210.37
210.36
210.35
210.34
210.33
210.33
210.33
210.33
time: 26.354106664657593
210.34
210.34
210.34
210.33
210.33
210.33
210.31
210.30
210.30
210.29
210.27
210.27
210.26
210.25
210.24
210.23
210.21
210.20
210.18
210.18
210.17
210.17
210.16
210.15
210.15
210.13
210.12
210.11
210.11
210.11
210.11
210.11
210.11
210.10
210.10
210.11
210.11
210.10
210.10
210.11
210.12
210.12
210.13
210.13
210.13
210.13
210.14
210.15
210.15
210.16
time: 26.886536359786987
210.17
210.18
210.19
210.19
210.19
210.21
210.21
210.21
210.22
210.24
210.25
210.25
210.26
210.26
210.26
210.26
210.26
210.25
210.25
210.25
210.25
210.24
210.25
210.25
210.25
210.26
210.27
210.27
210.27
210.27
210.28
210.28
210.29
210.28
210.29
210.29
210.29
210.28
210.28
210.28
210.28
210.28
210.28
210.27
210.26
210.26
210.27
210.27
210.27
210.27
time: 27.385587692260742
210.27
210.28
210.28
210.29
210.29
210.30
210.31
210.32
210.33
210.34
210.34
210.35
210.36
210.38
210.39
210.40
210.41
210.41
210.41
210.42
210.43
210.43
210.44
210.45
210.46
210.46
210.46
210.46
210.46
210.45
210.45
210.45
210.45
210.46
210.47
210.47
210.48
210.48
210.48
210.48
210.48
210.49
210.50
210.50
210.50
210.51
210.52
210.53
210.55
210.56
time: 27.917412519454956
210.57
210.58
210.59
210.60
210.61
210.62
210.63
210.64
210.66
210.67
210.68
210.69
210.70
210.71
210.71
210.70
210.68
210.64
210.59
210.55
210.50
210.45
210.40
210.33
210.24
210.16
210.07
209.96
209.86
209.79
209.73
209.64
209.54
209.43
209.28
209.15
209.03
208.88
208.72
208.53
208.33
208.16
207.98
207.77
207.56
207.33
207.08
206.83
206.60
206.31
time: 28.44920825958252
206.00
205.70
205.39
205.06
204.70
204.36
204.03
203.69
203.36
203.02
202.65
202.29
201.96
201.63
201.30
200.98
200.70
200.32
199.98
199.59
199.22
198.84
198.45
198.06
197.66
197.37
196.98
196.56
196.18
195.79
195.37
194.97
194.61
194.20
193.79
193.37
192.97
192.57
192.18
191.80
191.33
190.82
190.33
189.87
189.43
188.97
188.52
188.06
187.64
187.25
time: 28.948495626449585
186.86
186.44
186.00
185.58
185.10
184.66
184.20
183.76
183.34
182.90
182.50
182.10
181.63
181.16
180.78
180.30
179.86
179.43
179.00
178.55
178.13
177.77
177.33
177.00
176.71
176.43
176.21
176.05
175.89
175.72
175.39
175.03
174.61
174.23
173.99
173.73
173.25
172.81
172.44
172.14
171.81
171.60
171.50
171.42
171.37
171.34
171.28
171.17
171.05
170.86
time: 29.479942798614502
170.74
170.64
170.57
170.56
170.57
170.58
170.54
170.49
170.42
170.37
170.35
170.35
170.35
170.34
170.34
170.34
170.29
170.24
170.23
170.19
170.05
169.75
169.34
169.02
168.75
168.47
168.20
167.83
167.60
167.50
167.46
167.43
167.35
167.24
167.14
167.12
167.13
167.14
167.10
167.12
167.08
167.11
167.18
167.32
167.45
167.47
167.39
167.15
166.99
166.69
time: 29.979087352752686
166.61
166.71
166.88
167.07
167.19
167.26
167.16
167.05
167.04
167.07
167.06
167.07
167.10
167.09
167.02
166.99
167.01
167.06
167.11
167.12
167.15
167.21
167.32
167.46
167.61
167.73
167.84
167.90
167.97
168.07
168.13
168.25
168.39
168.55
168.72
168.90
169.03
169.16
169.33
169.49
169.72
169.91
170.23
170.56
170.81
171.13
171.54
172.13
172.55
173.15
time: 30.511426210403442
173.66
174.18
174.61
175.04
175.41
175.73
176.06
176.40
176.75
177.14
177.60
178.00
178.39
178.72
178.99
179.20
179.35
179.47
179.62
179.77
179.88
179.98
180.08
180.17
180.20
180.24
180.29
180.34
180.40
180.45
180.51
180.56
180.64
180.70
180.69
180.66
180.58
180.51
180.43
180.33
180.19
180.05
179.94
179.83
179.72
179.55
179.35
179.15
178.97
178.80
time: 31.043009996414185
178.67
178.52
178.42
178.32
178.21
178.10
178.03
177.93
177.84
177.78
177.72
177.66
177.60
177.55
177.50
177.44
177.35
177.26
177.17
177.10
177.02
176.96
176.90
176.86
176.87
176.89
176.92
176.95
176.99
177.10
177.21
177.37
177.49
177.63
177.73
177.84
177.95
178.08
178.20
178.35
178.48
178.66
178.85
179.04
179.23
179.41
179.57
179.68
179.82
179.97
time: 31.542113065719604
180.10
180.23
180.39
180.50
180.57
180.69
180.82
180.94
181.03
181.23
181.43
181.63
181.82
182.00
182.17
182.32
182.46
182.58
182.70
182.80
182.90
182.97
182.98
182.97
182.94
182.89
182.85
182.81
182.74
182.66
182.57
182.46
182.29
182.14
182.01
181.90
181.79
181.73
181.65
181.55
181.47
181.40
181.37
181.36
181.37
181.41
181.50
181.60
181.72
181.85
time: 32.0738308429718
181.99
182.12
182.26
182.33
182.41
182.49
182.56
182.63
182.73
182.84
182.92
182.99
183.04
183.08
183.09
183.10
183.12
183.14
183.14
183.11
183.07
183.03
182.99
182.94
182.91
182.88
182.87
182.85
182.83
182.80
182.77
182.75
182.71
182.67
182.59
182.50
182.39
182.26
182.14
182.03
181.95
181.86
181.78
181.71
181.62
181.55
181.50
181.44
181.37
181.28
time: 32.606064796447754
181.21
181.16
181.10
181.03
180.98
180.93
180.92
180.91
180.89
180.86
180.83
180.80
180.78
180.76
180.76
180.74
180.71
180.69
180.68
180.67
180.65
180.62
180.59
180.56
180.52
180.49
180.47
180.45
180.45
180.43
180.40
180.37
180.33
180.31
180.29
180.29
180.28
180.26
180.25
180.25
180.26
180.27
180.30
180.33
180.35
180.36
180.33
180.30
180.27
180.23
time: 33.10498523712158
180.20
180.17
180.11
180.07
180.03
179.99
179.95
179.90
179.87
179.86
179.85
179.84
179.82
179.78
179.75
179.73
179.74
179.74
179.71
179.67
179.64
179.63
179.62
179.61
179.61
179.64
179.66
179.66
179.67
179.64
179.61
179.58
179.55
179.49
179.41
179.39
179.37
179.37
179.41
179.43
179.46
179.51
179.56
179.61
179.67
179.72
179.77
179.81
179.87
179.93
time: 33.63659977912903
179.96
179.97
179.95
179.94
179.94
179.95
179.94
179.92
179.91
179.88
179.85
179.80
179.76
179.71
179.68
179.65
179.61
179.59
179.57
179.57
179.54
179.52
179.48
179.46
179.42
179.42
179.39
179.38
179.35
179.32
179.28
179.26
179.25
179.25
179.26
179.27
179.27
179.23
179.20
179.19
179.21
179.25
179.28
179.29
179.29
179.28
179.26
179.21
179.13
179.06
time: 34.13598155975342
178.99
178.94
178.86
178.78
178.69
178.60
178.52
178.44
178.36
178.33
178.29
178.28
178.27
178.28
178.29
178.32
178.36
178.41
178.47
178.52
178.56
178.61
178.65
178.70
178.77
178.86
178.96
179.05
179.11
179.14
179.17
179.16
179.14
179.11
179.06
179.03
178.99
178.93
178.89
178.85
178.80
178.76
178.73
178.70
178.68
178.65
178.62
178.59
178.56
178.52
time: 34.66796875
178.49
178.45
178.44
178.43
178.44
178.45
178.48
178.50
178.54
178.57
178.61
178.64
178.70
178.76
178.80
178.84
178.87
178.89
178.89
178.89
178.89
178.89
178.91
178.93
178.93
178.92
178.92
178.93
178.94
178.96
178.98
179.00
178.99
178.97
178.97
178.97
178.99
179.02
179.04
179.06
179.08
179.08
179.07
179.06
179.03
179.00
178.97
178.95
178.92
178.90
time: 35.19969320297241
178.88
178.87
178.85
178.83
178.81
178.79
178.78
178.78
178.76
178.76
178.76
178.74
178.72
178.70
178.68
178.70
178.70
178.68
178.67
178.67
178.66
178.66
178.66
178.66
178.66
178.67
178.68
178.69
178.71
178.72
178.73
178.75
178.77
178.80
178.81
178.83
178.85
178.87
178.87
178.87
178.86
178.86
178.84
178.82
178.79
178.78
178.76
178.75
178.74
178.72
time: 35.69872570037842
178.69
178.68
178.67
178.67
178.66
178.66
178.66
178.66
178.65
178.66
178.65
178.64
178.63
178.62
178.59
178.56
178.53
178.51
178.48
178.44
178.43
178.40
178.37
178.34
178.31
178.29
178.27
178.24
178.21
178.18
178.14
178.09
178.03
177.99
177.97
177.94
177.90
177.74
177.77
177.70
177.67
177.68
177.71
177.69
177.66
177.63
177.60
177.61
177.62
177.63
time: 36.23037362098694
177.61
177.60
177.57
177.53
177.50
177.47
177.44
177.43
177.39
177.35
177.32
177.28
177.22
177.16
177.11
177.06
177.02
176.96
176.90
176.82
176.75
176.67
176.58
176.51
176.43
176.36
176.29
176.21
176.14
176.05
175.97
175.88
175.79
175.74
175.69
175.65
175.62
175.59
175.54
175.50
175.47
175.43
175.42
175.39
175.37
175.34
175.32
175.30
175.27
175.24
time: 36.762829303741455
175.22
175.20
175.18
175.14
175.12
175.09
175.05
175.02
174.98
174.92
174.88
174.85
174.83
174.80
174.79
174.75
174.73
174.71
174.70
174.71
174.70
174.68
174.66
174.65
174.63
174.59
174.55
174.51
174.48
174.47
174.45
174.44
174.44
174.45
174.46
174.48
174.50
174.52
174.54
174.54
174.54
174.52
174.51
174.52
174.53
174.52
174.47
174.45
174.42
174.39
time: 37.26219415664673
174.37
174.34
174.31
174.30
174.29
174.29
174.28
174.28
174.29
174.31
174.31
174.32
174.33
174.36
174.38
174.36
174.35
174.33
174.31
174.29
174.25
174.25
174.26
174.27
174.26
174.25
174.22
174.19
174.19
174.21
174.22
174.22
174.24
174.27
174.27
174.27
174.27
174.28
174.28
174.27
174.26
174.26
174.28
174.31
174.36
174.40
174.43
174.49
174.52
174.56
time: 37.793701171875
174.59
174.63
174.69
174.75
174.79
174.84
174.87
174.91
174.93
174.96
174.97
174.98
175.00
175.00
175.00
175.00
175.00
175.01
175.02
175.02
175.03
175.03
175.02
175.01
175.00
174.99
175.00
175.02
175.06
175.08
175.10
175.12
175.13
175.15
175.17
175.19
175.21
175.23
175.24
175.26
175.27
175.27
175.25
175.24
175.21
175.20
175.18
175.16
175.14
175.13
time: 38.2929801940918
175.13
175.12
175.13
175.12
175.12
175.12
175.11
175.11
175.11
175.11
175.11
175.09
175.06
175.04
175.03
175.02
175.02
175.02
175.01
175.01
175.00
174.99
174.97
174.96
174.95
174.94
174.94
174.92
174.92
174.91
174.91
174.92
174.92
174.92
174.92
174.93
174.92
174.92
174.92
174.92
174.93
174.94
174.94
174.95
174.95
174.94
174.93
174.91
174.90
174.91
time: 38.82475781440735
174.93
174.94
174.95
174.95
174.94
174.92
174.92
174.94
174.94
174.94
174.93
174.92
174.90
174.88
174.87
174.87
174.88
174.88
174.85
174.83
174.81
174.79
174.78
174.78
174.78
174.78
174.79
174.78
174.79
174.79
174.78
174.79
174.78
174.78
174.78
174.78
174.79
174.78
174.77
174.77
174.75
174.72
174.70
174.68
174.67
174.66
174.63
174.60
174.58
174.55
time: 39.356730699539185
174.53
174.50
174.47
174.43
174.37
174.33
174.27
174.23
174.17
174.11
174.07
174.06
174.06
174.06
174.07
174.08
174.08
174.09
174.08
174.08
174.08
174.08
174.07
174.05
174.04
174.04
174.03
174.03
174.03
174.03
174.02
174.02
174.02
174.00
173.99
173.98
173.97
173.98
173.99
173.99
173.97
173.94
173.92
173.90
173.89
173.87
173.84
173.79
173.77
173.75
time: 39.8561429977417
173.75
173.77
173.77
173.75
173.74
173.73
173.72
173.72
173.73
173.75
173.75
173.77
173.77
173.77
173.78
173.82
173.86
173.90
173.95
173.99
174.01
174.05
174.09
174.13
174.19
174.25
174.30
174.28
174.36
174.45
174.49
174.61
174.71
174.79
174.89
175.00
175.06
175.16
175.26
175.32
175.38
175.49
175.61
175.72
175.89
176.06
176.26
176.46
176.64
176.86
time: 40.387718200683594
177.06
177.27
177.45
177.63
177.82
178.01
178.16
178.33
178.50
178.76
179.00
179.22
179.42
179.64
179.85
180.05
180.27
180.48
180.73
180.95
181.21
181.51
181.81
182.09
182.41
182.71
183.01
183.36
183.70
184.02
184.35
184.67
184.94
185.20
185.46
185.69
185.98
186.22
186.47
186.72
186.99
187.28
187.55
187.84
188.10
188.35
188.62
188.85
189.07
189.26
time: 40.91960144042969
189.48
189.72
189.92
190.08
190.25
190.42
190.58
190.73
190.87
191.00
191.11
191.23
191.34
191.43
191.54
191.67
191.79
191.89
191.99
192.07
192.13
192.18
192.26
192.32
192.36
192.41
192.45
192.52
192.59
192.66
192.72
192.79
192.84
192.88
192.94
193.01
193.07
193.14
193.19
193.24
193.28
193.34
193.39
193.43
193.47
193.49
193.51
193.54
193.58
193.65
time: 41.41871929168701
