90.28
90.59
90.99
91.37
91.70
92.07
92.44
92.79
93.10
93.44
93.79
94.07
94.40
94.74
95.08
95.38
95.73
96.09
96.41
96.79
97.19
97.59
97.92
98.33
98.75
99.11
99.55
99.99
100.43
100.99
101.60
102.22
102.86
103.48
104.09
104.69
105.30
105.90
106.49
107.09
107.69
108.29
108.89
109.48
110.06
110.65
111.22
111.80
112.38
112.95
time: 4.5399415493011475
113.53
114.12
114.68
115.25
115.83
116.42
117.01
117.59
118.18
118.76
119.34
119.91
120.48
121.05
121.63
122.21
122.79
123.37
123.95
124.53
125.12
125.71
126.28
126.86
127.43
127.94
128.55
129.06
129.66
130.22
130.78
131.33
131.88
132.43
132.97
133.53
134.09
134.65
135.20
135.76
136.31
136.86
137.40
137.93
138.45
138.98
139.51
140.03
140.55
141.06
time: 5.040114164352417
141.57
142.08
142.60
143.11
143.62
144.12
144.63
145.14
145.64
146.14
146.64
147.14
147.63
148.14
148.63
149.13
149.62
150.12
150.60
151.08
151.55
152.02
152.50
152.98
153.46
153.93
154.35
154.86
155.28
155.80
156.27
156.73
157.19
157.66
158.12
158.58
159.03
159.49
159.95
160.40
160.84
161.29
161.74
162.18
162.62
163.06
163.50
163.93
164.37
164.81
time: 5.571881294250488
165.23
165.67
166.09
166.51
166.93
167.33
167.74
168.17
168.57
168.97
169.38
169.78
170.19
170.58
170.97
171.35
171.73
172.12
172.50
172.87
173.25
173.63
174.01
174.37
174.74
175.12
175.45
175.86
176.19
176.59
176.97
177.32
177.68
178.02
178.37
178.70
179.03
179.36
179.69
180.02
180.35
180.68
181.01
181.33
181.65
181.95
182.26
182.56
182.87
183.15
time: 6.07028341293335
183.46
183.75
184.04
184.33
184.62
184.91
185.18
185.47
185.75
186.03
186.30
186.57
186.83
187.09
187.36
187.62
187.88
188.13
188.38
188.64
188.87
189.12
189.35
189.59
189.83
190.06
190.28
190.47
190.71
190.90
191.14
191.36
191.56
191.77
191.97
192.17
192.36
192.56
192.76
192.94
193.13
193.31
193.50
193.68
193.85
194.03
194.20
194.38
194.56
194.73
time: 6.601468801498413
194.89
195.06
195.21
195.36
195.52
195.66
195.81
195.94
196.07
196.21
196.34
196.46
196.58
196.70
196.82
196.92
197.03
197.14
197.25
197.35
197.45
197.55
197.65
197.74
197.84
197.93
198.02
198.10
198.19
198.27
198.36
198.44
198.51
198.59
198.66
198.73
198.79
198.85
198.91
198.97
199.02
199.08
199.14
199.21
199.26
199.32
199.38
199.45
199.50
199.56
time: 7.133358478546143
199.61
199.66
199.71
199.76
199.81
199.86
199.89
199.92
199.96
199.98
200.00
200.01
200.04
200.05
200.07
200.09
200.12
200.15
200.17
200.19
200.22
200.25
200.29
200.32
200.35
200.38
200.40
200.41
200.42
200.44
200.46
200.48
200.51
200.52
200.54
200.55
200.56
200.56
200.56
200.57
200.59
200.61
200.63
200.64
200.66
200.68
200.69
200.70
200.72
200.73
time: 7.633065462112427
200.73
200.74
200.74
200.76
200.77
200.78
200.77
200.77
200.78
200.78
200.76
200.76
200.76
200.76
200.77
200.78
200.77
200.77
200.76
200.77
200.77
200.77
200.77
200.76
200.76
200.75
200.75
200.75
200.75
200.75
200.75
200.75
200.74
200.74
200.72
200.72
200.69
200.67
200.67
200.67
200.66
200.67
200.67
200.66
200.65
200.66
200.66
200.67
200.66
200.65
time: 8.165205001831055
200.66
200.66
200.67
200.68
200.70
200.70
200.71
200.71
200.68
200.68
200.68
200.68
200.68
200.68
200.68
200.68
200.68
200.67
200.68
200.68
200.68
200.68
200.68
200.67
200.68
200.68
200.69
200.68
200.69
200.69
200.69
200.68
200.69
200.68
200.68
200.69
200.69
200.70
200.69
200.70
200.71
200.73
200.73
200.74
200.73
200.73
200.74
200.76
200.76
200.78
time: 8.695927858352661
200.79
200.81
200.83
200.84
200.84
200.86
200.88
200.89
200.90
200.91
200.93
200.94
200.94
200.95
200.96
200.96
200.98
200.99
201.02
201.05
201.06
201.08
201.09
201.09
201.10
201.10
201.11
201.12
201.13
201.13
201.14
201.16
201.16
201.17
201.19
201.18
201.19
201.21
201.22
201.24
201.26
201.27
201.28
201.29
201.30
201.31
201.31
201.32
201.33
201.34
time: 9.194609880447388
201.33
201.35
201.37
201.38
201.39
201.39
201.40
201.41
201.42
201.43
201.44
201.46
201.46
201.46
201.45
201.43
201.41
201.35
201.29
201.25
201.25
201.25
201.27
201.29
201.32
201.33
201.35
201.36
201.39
201.43
201.47
201.51
201.56
201.61
201.66
201.71
201.75
201.79
201.82
201.85
201.88
201.91
201.94
201.99
202.03
202.05
202.07
202.10
202.13
202.15
time: 9.726771354675293
202.18
202.20
202.21
202.24
202.25
202.25
202.26
202.27
202.27
202.26
202.27
202.27
202.28
202.29
202.29
202.31
202.32
202.32
202.31
202.30
202.29
202.28
202.26
202.26
202.27
202.27
202.28
202.28
202.29
202.30
202.31
202.32
202.32
202.32
202.32
202.33
202.33
202.34
202.34
202.34
202.35
202.35
202.35
202.34
202.34
202.33
202.32
202.32
202.31
202.30
time: 10.225297451019287
202.31
202.31
202.31
202.31
202.31
202.32
202.32
202.33
202.34
202.34
202.35
202.35
202.34
202.34
202.35
202.35
202.35
202.35
202.36
202.34
202.33
202.30
202.29
202.28
202.27
202.26
202.26
202.27
202.27
202.28
202.29
202.29
202.28
202.28
202.28
202.28
202.26
202.26
202.25
202.24
202.23
202.18
202.13
202.08
202.06
202.05
202.05
202.05
202.06
202.07
time: 10.757211685180664
202.06
202.07
202.08
202.08
202.09
202.08
202.07
202.07
202.08
202.10
202.09
202.11
202.10
202.11
202.10
202.10
202.10
202.11
202.11
202.11
202.12
202.12
202.12
202.12
202.12
202.13
202.14
202.14
202.15
202.15
202.16
202.15
202.16
202.15
202.15
202.16
202.16
202.17
202.17
202.18
202.18
202.18
202.19
202.18
202.19
202.19
202.20
202.20
202.20
202.20
time: 11.289016485214233
202.19
202.18
202.17
202.15
202.14
202.12
202.09
202.07
202.05
202.03
202.00
201.98
201.98
201.96
201.95
201.95
201.96
201.96
201.97
201.98
201.98
201.98
201.99
202.00
202.01
202.01
202.02
202.03
202.03
202.04
202.06
202.08
202.10
202.10
202.12
202.13
202.15
202.18
202.20
202.21
202.22
202.24
202.23
202.24
202.25
202.26
202.26
202.26
202.26
202.26
time: 11.787679672241211
202.26
202.25
202.26
202.26
202.26
202.25
202.25
202.24
202.24
202.25
202.24
202.23
202.22
202.19
202.19
202.17
202.17
202.15
202.14
202.13
202.13
202.12
202.12
202.13
202.13
202.13
202.13
202.11
202.10
202.10
202.09
202.08
202.07
202.08
202.08
202.08
202.08
202.09
202.08
202.07
202.07
202.07
202.07
202.09
202.09
202.09
202.10
202.10
202.11
202.12
time: 12.319664001464844
202.12
202.12
202.11
202.10
202.10
202.10
202.11
202.11
202.10
202.10
202.08
202.09
202.08
202.09
202.07
202.05
202.03
202.04
202.04
202.04
202.04
202.03
202.02
202.00
202.01
202.01
202.02
202.02
202.01
202.01
202.01
202.00
202.00
201.98
201.97
201.96
201.95
201.95
201.95
201.94
201.94
201.93
201.93
201.92
201.91
201.91
201.91
201.91
201.90
201.91
time: 12.851824522018433
201.92
201.90
201.89
201.87
201.84
201.81
201.79
201.78
201.78
201.76
201.75
201.74
201.73
201.72
201.71
201.70
201.68
201.67
201.66
201.65
201.65
201.64
201.63
201.61
201.61
201.60
201.60
201.59
201.60
201.61
201.61
201.62
201.63
201.62
201.62
201.62
201.60
201.59
201.60
201.61
201.61
201.62
201.65
201.67
201.69
201.70
201.70
201.68
201.66
201.65
time: 13.350234031677246
201.63
201.61
201.59
201.57
201.55
201.56
201.57
201.58
201.60
201.62
201.63
201.65
201.65
201.68
201.71
201.74
201.76
201.76
201.78
201.79
201.81
201.83
201.85
201.88
201.91
201.93
201.95
201.98
202.00
202.02
202.04
202.06
202.09
202.11
202.14
202.16
202.17
202.17
202.18
202.19
202.19
202.20
202.20
202.20
202.19
202.18
202.15
202.11
202.08
202.05
time: 13.882164001464844
202.02
201.97
201.90
201.82
201.75
201.66
201.56
201.47
201.46
201.47
201.49
201.53
201.56
201.57
201.58
201.57
201.56
201.52
201.50
201.47
201.46
201.43
201.40
201.38
201.34
201.33
201.26
201.19
201.10
201.03
200.98
200.93
200.90
200.95
200.99
201.06
201.15
201.28
201.41
201.55
201.71
201.89
202.09
202.33
202.60
202.87
203.08
203.30
203.53
203.79
time: 14.380834817886353
204.05
204.35
204.72
205.06
205.40
205.73
206.03
206.32
206.56
206.80
207.03
207.21
207.39
207.56
207.76
208.00
208.27
208.53
208.77
209.01
209.27
209.57
209.90
210.23
210.60
210.97
211.34
211.72
212.09
212.46
212.80
213.25
213.61
214.08
214.55
215.03
215.53
216.05
216.57
217.06
217.53
217.97
218.39
218.77
219.11
219.40
219.79
220.25
220.82
221.45
time: 14.913002014160156
222.11
222.76
223.38
223.96
224.48
224.96
225.41
225.87
226.34
226.80
227.20
227.59
227.98
228.38
228.78
229.19
229.61
230.04
230.44
230.85
231.25
231.62
232.00
232.35
232.72
233.07
233.44
233.82
234.19
234.55
234.90
235.20
235.57
235.86
236.21
236.55
236.88
237.20
237.51
237.81
238.11
238.41
238.69
238.96
239.21
239.44
239.65
239.86
240.07
240.29
time: 15.444547414779663
240.50
240.71
240.88
241.04
241.23
241.42
241.61
241.80
241.98
242.20
242.45
242.70
242.97
243.25
243.52
243.79
244.06
244.32
244.58
244.84
245.09
245.37
245.65
245.91
246.15
246.38
246.60
246.80
247.00
247.19
247.35
247.50
247.63
247.79
247.92
248.10
248.26
248.38
248.48
248.58
248.68
248.80
248.93
249.03
249.14
249.24
249.33
249.41
249.51
249.61
time: 15.943540811538696
249.71
249.78
249.85
249.91
249.98
250.07
250.15
250.23
250.29
250.31
250.35
250.40
250.43
250.46
250.47
250.47
250.48
250.50
250.50
250.49
250.46
250.42
250.37
250.31
250.28
250.25
250.21
250.16
250.10
250.03
249.98
249.92
249.87
249.84
249.77
249.72
249.65
249.60
249.55
249.50
249.45
249.42
249.39
249.34
249.30
249.25
249.21
249.17
249.13
249.09
time: 16.475067615509033
249.06
249.04
249.02
248.99
248.96
248.91
248.85
248.80
248.77
248.73
248.69
248.62
248.55
248.48
248.44
248.41
248.39
248.35
248.32
248.27
248.22
248.18
248.15
248.12
248.07
248.01
247.96
247.91
247.88
247.87
247.85
247.84
247.82
247.80
247.79
247.80
247.80
247.80
247.79
247.77
247.76
247.75
247.74
247.75
247.75
247.73
247.70
247.68
247.65
247.63
time: 17.007067918777466
247.62
247.60
247.58
247.55
247.53
247.49
247.46
247.43
247.40
247.37
247.33
247.29
247.28
247.27
247.27
247.28
247.29
247.29
247.30
247.32
247.34
247.34
247.35
247.34
247.31
247.27
247.24
247.20
247.16
247.13
247.13
247.16
247.18
247.21
247.22
247.22
247.22
247.23
247.25
247.25
247.24
247.23
247.21
247.20
247.19
247.18
247.20
247.21
247.22
247.21
time: 17.505683422088623
247.18
247.16
247.14
247.14
247.12
247.11
247.08
247.06
247.03
247.01
246.99
246.98
246.96
246.96
246.95
246.94
246.93
246.92
246.90
246.87
246.85
246.83
246.83
246.82
246.81
246.80
246.80
246.78
246.77
246.74
246.72
246.71
246.70
246.68
246.61
246.56
246.52
246.49
246.48
246.48
246.49
246.51
246.52
246.51
246.51
246.52
246.52
246.52
246.50
246.49
time: 18.037517786026
246.46
246.44
246.43
246.42
246.41
246.39
246.38
246.37
246.35
246.33
246.30
246.29
246.29
246.30
246.31
246.31
246.31
246.31
246.31
246.32
246.32
246.34
246.35
246.36
246.37
246.37
246.37
246.38
246.39
246.40
246.41
246.42
246.43
246.43
246.45
246.45
246.46
246.48
246.50
246.52
246.54
246.55
246.55
246.54
246.55
246.55
246.57
246.58
246.60
246.62
time: 18.53622055053711
246.63
246.63
246.64
246.65
246.65
246.67
246.67
246.68
246.69
246.70
246.71
246.72
246.72
246.74
246.75
246.76
246.77
246.76
246.74
246.72
246.70
246.68
246.67
246.67
246.70
246.73
246.79
246.84
246.88
246.92
246.96
247.00
247.04
247.05
247.02
246.97
246.94
246.91
246.90
246.91
246.93
246.95
246.96
246.95
246.94
246.94
246.93
246.92
246.92
246.93
time: 19.068127632141113
246.95
246.96
246.97
246.97
246.98
246.98
246.99
246.99
246.99
247.00
247.00
247.01
247.01
247.01
247.01
247.01
247.01
247.02
247.01
247.01
247.01
247.03
247.06
247.08
247.09
247.09
247.10
247.09
247.09
247.09
247.10
247.09
247.08
247.06
247.06
247.04
247.01
246.97
246.92
246.88
246.84
246.84
246.85
246.86
246.87
246.87
246.87
246.85
246.83
246.81
time: 19.59984850883484
246.79
246.77
246.74
246.70
246.67
246.65
246.64
246.63
246.61
246.58
246.56
246.54
246.51
246.50
246.48
246.47
246.47
246.47
246.49
246.51
246.51
246.52
246.53
246.54
246.56
246.58
246.61
246.63
246.65
246.67
246.69
246.69
246.69
246.69
246.66
246.64
246.62
246.61
246.61
246.63
246.66
246.71
246.75
246.79
246.83
246.86
246.90
246.92
246.94
246.94
time: 20.098784923553467
246.95
246.96
246.98
247.00
247.01
247.01
247.02
247.02
247.03
247.06
247.07
247.11
247.13
247.15
247.17
247.18
247.19
247.19
247.18
247.16
247.17
247.18
247.18
247.18
247.19
247.21
247.22
247.23
247.25
247.26
247.27
247.28
247.27
247.26
247.25
247.25
247.26
247.28
247.30
247.33
247.35
247.36
247.37
247.36
247.34
247.33
247.32
247.32
247.33
247.35
time: 20.630666971206665
247.35
247.35
247.34
247.33
247.32
247.31
247.31
247.31
247.30
247.33
247.34
247.37
247.39
247.41
247.42
247.44
247.44
247.46
247.46
247.47
247.47
247.48
247.50
247.51
247.52
247.53
247.53
247.54
247.54
247.54
247.54
247.52
247.50
247.49
247.49
247.48
247.47
247.46
247.45
247.45
247.44
247.40
247.37
247.35
247.33
247.31
247.30
247.29
247.28
247.25
time: 21.162689685821533
247.23
247.20
247.19
247.17
247.17
247.17
247.17
247.18
247.18
247.18
247.19
247.19
247.20
247.22
247.23
247.24
247.25
247.27
247.28
247.29
247.31
247.33
247.35
247.37
247.39
247.41
247.42
247.42
247.42
247.42
247.41
247.41
247.40
247.39
247.38
247.36
247.35
247.34
247.34
247.33
247.31
247.29
247.26
247.25
247.25
247.24
247.23
247.23
247.22
247.20
time: 21.661280393600464
247.19
247.18
247.18
247.17
247.17
247.17
247.17
247.16
247.16
247.16
247.15
247.15
247.15
247.15
247.14
247.13
247.13
247.13
247.12
247.13
247.12
247.13
247.14
247.15
247.16
247.16
247.17
247.18
247.18
247.18
247.19
247.19
247.19
247.18
247.17
247.16
247.16
247.16
247.16
247.15
247.15
247.15
247.15
247.14
247.14
247.12
247.13
247.13
247.13
247.13
time: 22.192960500717163
247.13
247.14
247.14
247.14
247.14
247.13
247.13
247.13
247.14
247.14
247.15
247.15
247.15
247.15
247.16
247.16
247.16
247.17
247.18
247.19
247.18
247.17
247.18
247.18
247.18
247.19
247.20
247.21
247.22
247.22
247.22
247.22
247.22
247.22
247.21
247.20
247.21
247.22
247.21
247.21
247.21
247.22
247.23
247.23
247.23
247.23
247.21
247.21
247.21
247.20
time: 22.691852569580078
247.20
247.21
247.21
247.21
247.20
247.20
247.21
247.21
247.21
247.22
247.21
247.20
247.20
247.20
247.20
247.21
247.23
247.24
247.24
247.24
247.24
247.24
247.24
247.23
247.23
247.24
247.24
247.25
247.25
247.25
247.24
247.24
247.24
247.24
247.24
247.23
247.23
247.23
247.22
247.23
247.23
247.22
247.21
247.20
247.18
247.17
247.16
247.16
247.16
247.17
time: 23.223981618881226
247.16
247.16
247.15
247.15
247.15
247.15
247.16
247.16
247.16
247.16
247.15
247.16
247.16
247.17
247.19
247.19
247.20
247.19
247.19
247.18
247.18
247.19
247.19
247.19
247.19
247.18
247.17
247.18
247.19
247.21
247.21
247.22
247.22
247.21
247.21
247.21
247.21
247.20
247.20
247.20
247.19
247.18
247.18
247.17
247.17
247.16
247.16
247.17
247.18
247.17
time: 23.75560474395752
247.17
247.17
247.18
247.18
247.18
247.19
247.18
247.17
247.17
247.17
247.17
247.17
247.17
247.18
247.18
247.19
247.18
247.18
247.17
247.17
247.17
247.17
247.18
247.18
247.17
247.17
247.17
247.17
247.16
247.15
247.14
247.14
247.14
247.14
247.13
247.11
247.10
247.09
247.06
247.05
247.05
247.03
247.02
247.02
247.00
246.99
246.98
246.98
246.97
246.97
time: 24.25430989265442
246.97
246.97
246.98
246.96
246.96
246.96
246.95
246.94
246.94
246.93
246.93
246.93
246.92
246.91
246.91
246.89
246.87
246.86
246.86
246.85
246.85
246.85
246.86
246.86
246.85
246.85
246.86
246.87
246.88
246.89
246.89
246.90
246.90
246.91
246.92
246.94
246.95
246.97
246.97
246.96
246.96
246.96
246.96
246.96
246.96
246.97
246.97
246.96
246.97
246.97
time: 24.786067724227905
246.96
246.96
246.96
246.98
247.00
247.03
247.04
247.05
247.06
247.07
247.08
247.09
247.08
247.08
247.09
247.09
247.09
247.10
247.10
247.10
247.09
247.09
247.10
247.11
247.12
247.12
247.12
247.12
247.12
247.12
247.11
247.10
247.09
247.08
247.07
247.05
247.06
247.05
247.07
247.06
247.06
247.07
247.06
247.07
247.07
247.06
247.07
247.07
247.07
247.07
time: 25.317845344543457
247.08
247.08
247.07
247.08
247.10
247.11
247.14
247.16
247.18
247.21
247.24
247.28
247.32
247.35
247.37
247.38
247.38
247.38
247.38
247.37
247.36
247.36
247.37
247.38
247.37
247.36
247.34
247.34
247.34
247.34
247.33
247.32
247.31
247.29
247.28
247.27
247.26
247.24
247.23
247.21
247.18
247.17
247.16
247.14
247.12
247.09
247.07
247.05
247.04
247.04
time: 25.816295862197876
247.02
247.00
246.98
246.95
246.92
246.89
246.85
246.81
246.79
246.76
246.73
246.71
246.68
246.64
246.59
246.57
246.54
246.54
246.52
246.51
246.50
246.48
246.49
246.50
246.47
246.46
246.44
246.43
246.43
246.42
246.43
246.41
246.40
246.39
246.37
246.35
246.34
246.35
246.36
246.37
246.38
246.40
246.41
246.42
246.42
246.43
246.44
246.44
246.45
246.46
time: 26.348639011383057
246.47
246.48
246.49
246.50
246.51
246.53
246.53
246.55
246.55
246.56
246.56
246.57
246.57
246.57
246.58
246.58
246.59
246.59
246.59
246.57
246.56
246.55
246.56
246.56
246.56
246.55
246.55
246.56
246.55
246.54
246.53
246.53
246.53
246.53
246.53
246.53
246.53
246.52
246.51
246.50
246.51
246.51
246.53
246.54
246.54
246.53
246.53
246.53
246.54
246.55
time: 26.84737753868103
246.55
246.56
246.55
246.56
246.57
246.59
246.60
246.62
246.63
246.64
246.65
246.66
246.67
246.68
246.69
246.71
246.72
246.73
246.74
246.75
246.74
246.74
246.75
246.75
246.77
246.79
246.79
246.78
246.77
246.77
246.76
246.77
246.77
246.77
246.77
246.77
246.78
246.78
246.77
246.77
246.77
246.78
246.78
246.78
246.78
246.77
246.77
246.77
246.77
246.78
time: 27.37887930870056
246.78
246.79
246.81
246.82
246.83
246.84
246.84
246.84
246.84
246.86
246.87
246.87
246.88
246.89
246.90
246.91
246.92
246.93
246.95
246.95
246.96
246.97
246.97
246.98
247.00
247.00
247.03
247.04
247.04
247.05
247.04
247.04
247.03
247.03
247.03
247.02
247.01
247.02
247.03
247.03
247.02
247.02
247.03
247.02
247.02
247.02
247.02
247.04
247.06
247.08
time: 27.910919666290283
247.09
247.10
247.11
247.12
247.12
247.13
247.13
247.14
247.16
247.17
247.18
247.19
247.19
247.21
247.23
247.22
247.20
247.19
247.19
247.18
247.17
247.15
247.12
247.09
247.08
247.08
247.07
247.04
247.01
246.99
246.95
246.91
246.82
246.72
246.62
246.56
246.51
246.46
246.39
246.31
246.22
246.12
246.05
245.97
245.90
245.85
245.80
245.68
245.51
245.25
time: 28.409873962402344
245.03
244.80
244.59
244.36
244.09
243.83
243.57
243.29
242.99
242.65
242.25
241.85
241.45
241.03
240.60
240.19
239.76
239.32
238.88
238.43
237.98
237.54
237.09
236.65
236.21
235.75
235.30
234.83
234.34
233.84
233.34
232.84
232.34
231.86
231.38
230.91
230.44
229.96
229.46
228.95
228.46
227.94
227.40
226.86
226.33
225.78
225.23
224.68
224.10
223.60
time: 28.941736221313477
222.96
222.43
221.78
221.18
220.57
219.98
219.39
218.83
218.27
217.69
217.09
216.48
215.84
215.19
214.50
213.79
213.02
212.26
211.51
210.70
209.87
209.06
208.25
207.38
206.49
205.63
204.79
204.00
203.25
202.56
201.94
201.36
200.84
200.37
199.99
199.71
199.46
199.20
198.93
198.67
198.39
198.07
197.68
197.18
196.63
196.06
195.50
194.97
194.48
194.06
time: 29.473640203475952
193.55
193.17
192.74
192.34
191.92
191.48
191.06
190.65
190.24
189.84
189.50
189.20
188.90
188.62
188.37
188.14
187.94
187.76
187.61
187.52
187.43
187.35
187.27
187.18
187.06
186.91
186.74
186.55
186.35
186.14
185.91
185.64
185.37
185.10
184.83
184.62
184.45
184.30
184.14
184.03
183.98
183.95
183.86
183.82
183.85
183.88
183.94
183.99
184.13
184.14
time: 29.9721999168396
184.18
184.20
184.19
184.15
184.03
183.88
183.65
183.50
183.33
183.15
183.02
182.92
182.81
182.71
182.60
182.42
182.27
182.18
182.12
182.07
182.04
182.03
182.00
181.99
182.00
182.01
182.03
182.01
182.01
181.94
181.80
181.71
181.54
181.46
181.34
181.20
181.05
180.99
180.96
180.91
180.95
180.92
180.83
180.81
180.80
180.81
180.85
180.93
181.02
181.06
time: 30.503944158554077
181.05
180.95
180.70
180.46
180.14
179.98
179.82
179.79
179.86
179.98
180.08
180.19
180.21
180.21
180.15
180.16
180.18
180.21
180.26
180.39
180.44
180.52
180.69
180.78
180.97
180.99
181.06
181.11
181.12
181.23
181.26
181.14
180.87
180.62
180.35
179.98
179.76
179.64
179.50
179.41
179.38
179.37
179.44
179.42
179.36
179.20
179.08
179.02
178.78
178.66
time: 31.003116846084595
178.57
178.53
178.44
178.22
177.94
177.42
177.10
176.51
176.41
176.33
176.27
176.20
176.24
176.43
176.74
176.84
176.94
177.12
177.30
177.44
177.60
177.77
177.87
178.03
178.14
178.21
178.19
178.20
178.23
178.17
178.10
178.09
178.05
178.05
178.02
178.13
178.35
178.57
178.76
179.01
179.17
179.34
179.46
179.61
179.70
179.78
179.88
179.98
180.08
180.17
time: 31.5345561504364
180.26
180.41
180.56
180.77
180.99
181.17
181.37
181.53
181.69
181.84
181.99
182.08
182.16
182.16
182.10
182.04
181.99
181.98
181.82
181.90
182.05
182.21
182.45
182.69
182.95
183.19
183.43
183.61
183.78
183.99
184.21
184.45
184.68
184.91
185.16
185.39
185.63
185.85
186.07
186.25
186.39
186.50
186.61
186.73
186.84
186.94
187.02
187.03
187.03
187.02
time: 32.06584978103638
186.95
186.88
186.77
186.67
186.56
186.51
186.36
186.33
186.35
186.33
186.30
186.25
186.19
186.15
186.11
186.10
186.08
186.04
185.98
185.97
185.94
185.90
185.85
185.79
185.72
185.65
185.57
185.44
185.29
185.18
185.07
184.94
184.78
184.54
184.36
184.30
184.13
184.10
184.05
183.83
183.74
183.73
183.74
183.77
183.80
183.83
183.78
183.77
183.71
183.62
time: 32.56492829322815
183.58
183.53
183.51
183.49
183.48
183.44
183.38
183.25
183.20
183.16
183.12
183.05
183.01
182.89
182.82
182.69
182.66
182.61
182.58
182.57
182.55
182.55
182.52
182.45
182.42
182.43
182.47
182.44
182.43
182.44
182.44
182.50
182.53
182.56
182.59
182.65
182.68
182.69
182.65
182.64
182.66
182.68
182.67
182.61
182.61
182.54
182.52
182.48
182.55
182.62
time: 33.09700608253479
182.63
182.63
182.66
182.63
182.60
182.61
182.62
182.60
182.60
182.44
182.41
182.37
182.33
182.29
182.26
182.21
182.22
182.25
182.20
182.16
182.11
182.04
181.96
181.89
181.85
181.81
181.75
181.64
181.57
181.43
181.42
181.44
181.50
181.49
181.62
181.76
181.92
182.08
182.21
182.24
182.25
182.24
182.25
182.13
182.05
182.01
181.98
181.93
181.87
181.76
time: 33.62894415855408
181.65
181.41
181.38
181.38
181.40
181.42
181.37
181.37
181.35
181.40
181.49
181.58
181.64
181.66
181.67
181.65
181.65
181.61
181.57
181.46
181.40
181.34
181.30
181.26
181.20
181.11
181.07
180.97
180.82
180.73
180.65
180.49
180.19
179.80
179.44
179.18
179.25
179.45
179.64
179.77
179.49
179.00
178.82
178.75
178.50
178.37
178.18
178.07
178.00
177.84
time: 34.12745261192322
177.75
177.96
178.03
178.09
178.14
178.17
178.18
178.23
178.40
178.38
178.33
178.18
178.05
178.01
177.77
177.60
177.22
177.03
176.92
176.95
176.75
176.76
177.15
177.53
177.86
178.10
178.11
177.92
177.44
177.29
177.29
177.42
177.52
177.61
177.70
177.91
177.98
178.36
178.62
178.92
179.02
179.06
178.91
178.80
178.60
178.40
178.37
178.30
178.27
178.32
time: 34.65913009643555
178.43
178.51
178.65
178.58
178.58
178.47
178.46
178.49
178.53
178.64
178.77
178.83
178.86
178.86
178.86
178.85
178.84
178.91
178.82
178.88
179.07
179.10
179.19
179.24
179.29
179.30
179.29
179.27
179.26
179.27
179.24
179.18
179.23
179.30
179.38
179.51
179.66
179.72
179.62
179.58
179.35
179.15
179.05
179.00
179.00
179.01
179.10
179.21
179.31
179.28
time: 35.15815758705139
179.17
179.20
179.16
179.08
178.97
178.90
178.83
178.78
178.64
178.67
178.73
178.75
178.76
178.72
178.69
178.75
178.84
178.83
178.84
178.93
178.94
178.96
178.98
178.95
178.98
179.01
179.00
179.12
179.11
179.06
179.00
179.04
179.09
179.06
179.02
178.93
178.77
178.69
178.68
178.61
178.60
178.58
178.78
178.77
178.74
178.75
178.69
178.66
178.73
178.75
time: 35.69002914428711
178.53
178.51
178.51
178.52
178.53
178.64
178.70
178.68
178.56
178.41
178.27
178.00
177.83
177.53
177.58
177.55
177.59
177.74
177.93
178.01
178.10
177.86
177.91
177.71
177.72
177.84
177.58
177.55
177.54
177.63
177.66
177.59
177.52
177.54
177.53
177.38
177.46
177.37
177.29
177.35
177.34
177.53
177.54
177.42
177.27
177.36
177.13
177.29
177.32
177.38
time: 36.222296714782715
177.55
177.60
177.61
177.58
177.65
177.96
178.20
178.45
178.35
177.52
177.51
177.39
177.37
177.20
177.20
177.28
177.45
177.61
177.40
176.86
176.74
176.96
176.97
177.10
177.25
177.13
177.06
177.18
176.53
176.73
176.92
176.75
176.95
176.84
176.90
177.21
177.34
176.99
176.44
176.57
176.44
176.62
176.35
176.31
176.54
176.52
176.53
176.51
176.44
176.61
time: 36.72075366973877
176.76
177.05
177.17
177.21
177.31
177.52
177.59
177.56
177.63
178.00
177.95
178.04
178.12
178.16
178.25
178.49
178.47
178.64
178.68
178.54
177.90
177.23
176.76
176.59
176.69
176.51
176.56
176.67
176.68
176.90
177.25
177.39
177.43
177.58
177.75
177.97
178.25
178.29
178.31
178.36
178.49
178.46
178.45
178.52
178.60
178.66
178.70
178.69
178.72
178.60
time: 37.25243616104126
178.57
178.60
178.58
178.56
178.49
178.40
178.27
178.18
178.08
178.02
178.03
177.99
178.05
178.09
178.09
177.72
177.83
177.96
178.06
178.16
178.47
178.70
178.87
179.04
179.12
179.27
179.42
179.42
179.54
179.61
179.65
179.65
179.63
179.64
179.53
179.45
179.38
179.45
179.52
179.58
179.64
179.82
179.88
179.98
180.06
180.16
180.20
180.21
180.25
180.25
time: 37.78472328186035
180.36
180.45
180.53
180.64
180.72
180.76
180.78
180.85
180.90
180.95
181.03
181.08
181.21
181.27
181.39
181.48
181.56
181.65
181.75
181.79
181.82
181.80
181.81
181.82
181.88
181.96
181.97
182.04
182.08
182.08
182.05
181.98
181.94
181.93
181.89
181.90
181.87
181.81
181.83
181.86
181.85
181.78
181.79
181.79
181.80
181.83
181.83
181.81
181.76
181.74
time: 38.28324007987976
181.73
181.66
181.62
181.58
181.53
181.50
181.43
181.40
181.37
181.29
181.20
181.15
181.12
181.14
181.11
181.15
181.21
181.25
181.23
181.15
181.12
181.06
181.08
181.12
181.15
181.20
181.21
181.25
181.26
181.26
181.40
181.40
181.28
181.26
181.21
181.16
181.20
181.21
181.23
181.33
181.39
181.40
181.35
181.29
181.25
181.18
181.18
181.29
181.30
181.28
time: 38.81474781036377
181.28
181.28
181.24
181.22
181.17
181.16
181.19
181.16
181.11
181.02
181.00
180.93
180.89
180.93
180.99
181.03
181.04
181.04
181.08
181.09
181.14
181.16
181.18
181.19
181.19
181.24
181.23
181.19
181.14
181.10
181.04
180.97
180.85
180.81
180.73
180.68
180.64
180.62
180.55
180.53
180.51
180.59
180.66
180.66
180.70
180.75
180.71
180.65
180.56
180.42
time: 39.31381702423096
180.36
180.28
180.20
180.18
180.24
180.27
180.30
180.38
180.49
180.49
180.53
180.47
180.43
180.29
180.11
180.00
179.86
179.88
179.81
179.81
179.83
179.90
179.97
180.02
180.08
179.99
180.08
179.96
179.99
179.90
179.73
179.51
179.37
179.29
179.16
179.19
179.11
178.97
178.87
178.70
178.55
178.10
177.85
177.78
177.82
177.88
177.94
177.79
177.96
177.97
time: 39.845497846603394
177.92
177.87
177.80
177.70
177.68
177.72
177.69
177.65
177.66
177.72
177.70
177.73
177.75
177.51
177.36
177.57
177.79
177.95
177.75
177.59
177.69
178.02
178.44
178.75
178.99
179.19
179.39
179.61
179.86
180.22
180.65
180.99
181.34
181.66
182.05
182.45
182.85
183.28
183.66
184.10
184.55
184.99
185.44
185.86
186.28
186.67
187.05
187.37
187.73
188.06
time: 40.37671494483948
188.35
188.71
188.99
189.30
189.59
189.90
190.24
190.59
190.93
191.28
191.62
191.94
192.25
192.57
192.91
193.23
193.54
193.88
194.26
194.66
195.07
195.48
195.82
196.14
196.51
196.88
197.25
197.60
197.93
198.24
198.55
198.85
199.14
199.44
199.77
200.07
200.35
200.66
200.95
201.25
201.54
201.82
202.08
202.32
202.53
202.73
202.91
203.07
203.20
203.33
time: 40.8758487701416
203.50
203.63
203.80
203.93
204.10
204.25
204.38
204.48
204.57
204.66
204.76
204.88
205.02
205.17
205.31
205.47
205.59
205.71
205.81
205.90
205.97
206.04
206.08
206.14
206.19
206.22
206.25
206.27
206.28
206.28
206.29
206.27
206.24
206.24
206.18
206.14
206.11
206.06
206.01
205.91
205.84
205.81
205.74
205.66
205.57
205.50
205.40
205.34
205.24
205.13
time: 41.40804433822632
