90.32
90.71
91.20
91.70
92.20
92.62
93.12
93.61
94.11
94.52
95.02
95.50
95.91
96.40
96.88
97.37
97.78
98.27
98.77
99.26
99.68
100.18
100.68
101.18
101.60
102.09
102.59
103.22
103.87
104.52
105.18
105.82
106.46
107.09
107.73
108.36
108.99
109.61
110.14
110.81
111.41
112.02
112.62
113.22
113.82
114.41
115.00
115.59
116.18
116.77
time: 4.539842367172241
117.36
117.94
118.53
119.12
119.68
120.25
120.81
121.30
121.90
122.46
123.01
123.56
124.12
124.69
125.26
125.83
126.39
126.95
127.51
128.07
128.61
129.14
129.66
130.18
130.69
131.13
131.69
132.20
132.71
133.22
133.75
134.27
134.78
135.29
135.79
136.28
136.77
137.25
137.73
138.21
138.69
139.17
139.63
140.02
140.50
140.94
141.37
141.80
142.21
142.62
time: 5.038723468780518
143.04
143.47
143.90
144.33
144.77
145.19
145.61
146.03
146.44
146.86
147.27
147.64
148.09
148.52
148.94
149.35
149.75
150.16
150.56
150.95
151.35
151.74
152.15
152.55
152.96
153.35
153.74
154.12
154.50
154.83
155.26
155.66
156.05
156.43
156.83
157.22
157.60
157.99
158.38
158.77
159.14
159.52
159.89
160.26
160.62
160.98
161.33
161.68
162.03
162.39
time: 5.571567535400391
162.74
163.10
163.45
163.81
164.15
164.51
164.85
165.19
165.53
165.86
166.19
166.52
166.86
167.20
167.54
167.89
168.19
168.55
168.86
169.16
169.44
169.72
170.00
170.29
170.57
170.86
171.14
171.43
171.71
171.99
172.26
172.54
172.81
173.08
173.31
173.61
173.88
174.14
174.40
174.65
174.88
175.11
175.33
175.55
175.77
175.99
176.22
176.44
176.66
176.87
time: 6.102621793746948
177.07
177.27
177.44
177.65
177.84
178.03
178.22
178.41
178.58
178.74
178.91
179.08
179.25
179.42
179.59
179.75
179.90
180.05
180.21
180.36
180.50
180.67
180.82
180.95
181.08
181.21
181.35
181.48
181.60
181.72
181.84
181.96
182.07
182.18
182.29
182.38
182.47
182.56
182.64
182.72
182.80
182.87
182.95
183.02
183.08
183.15
183.21
183.27
183.33
183.39
time: 6.602666139602661
183.44
183.49
183.54
183.58
183.62
183.66
183.69
183.74
183.77
183.82
183.86
183.89
183.93
183.96
183.98
184.01
184.03
184.05
184.06
184.08
184.11
184.14
184.17
184.20
184.21
184.22
184.24
184.25
184.26
184.27
184.28
184.28
184.29
184.30
184.30
184.29
184.29
184.29
184.30
184.32
184.33
184.34
184.35
184.36
184.36
184.37
184.38
184.38
184.38
184.39
time: 7.135220050811768
184.39
184.39
184.39
184.37
184.37
184.37
184.37
184.37
184.37
184.37
184.37
184.36
184.35
184.35
184.35
184.35
184.34
184.33
184.33
184.32
184.32
184.32
184.32
184.33
184.35
184.36
184.37
184.37
184.37
184.36
184.36
184.34
184.34
184.34
184.33
184.33
184.33
184.34
184.33
184.33
184.33
184.33
184.33
184.32
184.31
184.30
184.29
184.28
184.27
184.25
time: 7.632864713668823
184.24
184.24
184.23
184.23
184.22
184.21
184.21
184.18
184.16
184.15
184.13
184.11
184.10
184.10
184.10
184.08
184.08
184.08
184.08
184.07
184.07
184.07
184.06
184.07
184.07
184.07
184.06
184.05
184.04
184.02
184.01
184.01
184.00
183.99
183.98
183.97
183.96
183.95
183.95
183.95
183.94
183.93
183.93
183.92
183.91
183.90
183.90
183.88
183.86
183.85
time: 8.165468215942383
183.84
183.85
183.84
183.82
183.80
183.77
183.76
183.74
183.73
183.73
183.72
183.72
183.72
183.71
183.69
183.68
183.66
183.64
183.62
183.60
183.59
183.58
183.58
183.57
183.56
183.56
183.54
183.53
183.51
183.49
183.49
183.48
183.47
183.46
183.44
183.42
183.40
183.39
183.38
183.38
183.38
183.37
183.37
183.36
183.35
183.34
183.33
183.32
183.31
183.30
time: 8.69706916809082
183.30
183.29
183.27
183.25
183.24
183.23
183.21
183.20
183.19
183.17
183.15
183.15
183.13
183.12
183.12
183.11
183.11
183.10
183.10
183.11
183.13
183.14
183.14
183.14
183.16
183.17
183.19
183.19
183.19
183.19
183.19
183.20
183.20
183.21
183.21
183.21
183.22
183.21
183.21
183.20
183.19
183.18
183.18
183.18
183.18
183.18
183.18
183.19
183.19
183.20
time: 9.19670033454895
183.18
183.17
183.16
183.14
183.12
183.10
183.09
183.07
183.04
183.02
182.99
182.97
182.93
182.91
182.90
182.89
182.88
182.87
182.86
182.85
182.84
182.84
182.83
182.83
182.82
182.81
182.79
182.77
182.73
182.74
182.76
182.80
182.83
182.86
182.90
182.93
182.95
182.97
182.98
183.00
183.02
183.04
183.05
183.06
183.08
183.10
183.10
183.12
183.12
183.12
time: 9.728788375854492
183.12
183.14
183.15
183.16
183.17
183.18
183.18
183.19
183.19
183.18
183.17
183.17
183.15
183.13
183.11
183.10
183.10
183.10
183.10
183.08
183.08
183.07
183.06
183.05
183.04
183.03
183.03
183.02
183.02
183.02
183.02
183.02
183.03
183.04
183.05
183.04
183.04
183.04
183.04
183.04
183.04
183.05
183.06
183.07
183.07
183.08
183.08
183.09
183.08
183.09
time: 10.260491847991943
183.08
183.09
183.09
183.10
183.10
183.11
183.11
183.12
183.13
183.12
183.10
183.10
183.08
183.07
183.08
183.07
183.07
183.08
183.09
183.09
183.09
183.10
183.10
183.10
183.11
183.12
183.11
183.11
183.10
183.08
183.07
183.05
183.03
183.01
183.00
182.99
182.97
182.95
182.94
182.93
182.91
182.91
182.91
182.91
182.91
182.91
182.90
182.90
182.89
182.89
time: 10.759530067443848
182.88
182.87
182.87
182.88
182.89
182.90
182.90
182.90
182.91
182.92
182.91
182.90
182.89
182.88
182.88
182.87
182.86
182.85
182.84
182.83
182.82
182.80
182.78
182.76
182.74
182.73
182.72
182.70
182.67
182.65
182.64
182.63
182.62
182.61
182.58
182.55
182.54
182.53
182.54
182.54
182.55
182.55
182.53
182.51
182.50
182.48
182.45
182.42
182.39
182.37
time: 11.291789770126343
182.35
182.34
182.32
182.31
182.30
182.27
182.26
182.26
182.25
182.25
182.24
182.21
182.19
182.17
182.15
182.12
182.09
182.06
182.04
182.02
182.00
181.98
181.96
181.94
181.92
181.91
181.90
181.90
181.89
181.88
181.87
181.84
181.82
181.81
181.79
181.78
181.79
181.79
181.79
181.78
181.79
181.80
181.80
181.80
181.80
181.81
181.82
181.82
181.83
181.82
time: 11.790528297424316
181.82
181.83
181.83
181.84
181.84
181.85
181.86
181.88
181.89
181.89
181.90
181.90
181.92
181.92
181.93
181.93
181.93
181.92
181.94
181.95
181.96
181.98
181.99
181.99
182.00
182.01
182.02
182.03
182.04
182.05
182.07
182.08
182.09
182.10
182.12
182.13
182.14
182.16
182.17
182.18
182.19
182.20
182.22
182.22
182.23
182.24
182.25
182.25
182.25
182.26
time: 12.321391820907593
182.26
182.26
182.26
182.26
182.26
182.27
182.27
182.28
182.29
182.30
182.30
182.31
182.30
182.30
182.28
182.28
182.29
182.30
182.32
182.33
182.34
182.34
182.34
182.34
182.34
182.32
182.32
182.32
182.31
182.31
182.31
182.31
182.32
182.32
182.33
182.34
182.35
182.35
182.35
182.35
182.35
182.35
182.34
182.34
182.33
182.32
182.31
182.31
182.30
182.30
time: 12.853893518447876
182.30
182.30
182.31
182.30
182.30
182.30
182.30
182.29
182.28
182.27
182.27
182.26
182.27
182.26
182.26
182.26
182.26
182.26
182.25
182.24
182.23
182.24
182.24
182.23
182.22
182.22
182.22
182.22
182.21
182.20
182.20
182.19
182.19
182.19
182.20
182.20
182.20
182.21
182.21
182.21
182.19
182.18
182.17
182.17
182.15
182.14
182.14
182.14
182.13
182.13
time: 13.353457927703857
182.13
182.14
182.14
182.13
182.13
182.11
182.08
182.06
182.05
182.04
182.03
182.01
182.01
182.00
181.99
181.99
181.99
182.00
181.99
181.99
181.99
181.98
181.98
181.99
182.00
181.99
181.99
181.98
181.97
181.96
181.95
181.95
181.94
181.95
181.96
181.96
181.97
181.96
181.96
181.96
181.97
181.95
181.94
181.93
181.92
181.92
181.91
181.91
181.90
181.90
time: 13.884084939956665
181.90
181.89
181.88
181.87
181.86
181.84
181.83
181.82
181.80
181.77
181.77
181.76
181.75
181.75
181.76
181.76
181.75
181.74
181.74
181.74
181.73
181.72
181.71
181.71
181.71
181.71
181.71
181.73
181.73
181.73
181.74
181.74
181.75
181.76
181.77
181.78
181.80
181.81
181.82
181.83
181.82
181.82
181.83
181.84
181.83
181.83
181.83
181.83
181.82
181.82
time: 14.416333198547363
181.83
181.84
181.83
181.83
181.83
181.83
181.83
181.83
181.82
181.81
181.80
181.80
181.81
181.81
181.81
181.82
181.83
181.83
181.82
181.81
181.80
181.79
181.78
181.78
181.78
181.78
181.78
181.77
181.76
181.75
181.74
181.74
181.72
181.73
181.73
181.72
181.72
181.70
181.68
181.66
181.66
181.66
181.65
181.64
181.64
181.64
181.63
181.63
181.64
181.65
time: 14.915138959884644
181.64
181.64
181.65
181.65
181.65
181.64
181.65
181.65
181.65
181.65
181.63
181.62
181.62
181.60
181.59
181.58
181.58
181.58
181.58
181.57
181.56
181.56
181.54
181.53
181.52
181.52
181.52
181.52
181.51
181.52
181.53
181.53
181.54
181.53
181.52
181.49
181.48
181.46
181.45
181.45
181.47
181.48
181.50
181.52
181.54
181.55
181.53
181.52
181.52
181.51
time: 15.447606325149536
181.49
181.46
181.40
181.35
181.29
181.21
181.13
181.03
180.90
180.76
180.61
180.51
180.42
180.32
180.26
180.23
180.24
180.26
180.25
180.26
180.24
180.23
180.22
180.23
180.25
180.28
180.29
180.32
180.34
180.34
180.34
180.31
180.27
180.23
180.19
180.12
180.07
180.08
180.10
180.11
180.15
180.21
180.26
180.32
180.38
180.47
180.53
180.56
180.55
180.63
time: 15.94638967514038
180.76
180.91
181.10
181.27
181.40
181.54
181.71
181.88
181.99
182.02
182.06
182.19
182.33
182.46
182.59
182.69
182.77
182.78
182.76
182.70
182.68
182.64
182.59
182.50
182.38
182.21
182.14
182.10
182.10
182.10
182.15
182.19
182.20
182.21
182.24
182.30
182.33
182.41
182.61
182.82
183.02
183.24
183.48
183.79
184.10
184.43
184.73
185.00
185.28
185.59
time: 16.478275775909424
185.92
186.26
186.57
186.96
187.32
187.72
188.09
188.42
188.78
189.14
189.48
189.75
189.98
190.21
190.44
190.60
190.74
190.98
191.22
191.41
191.63
191.85
192.01
192.23
192.41
192.63
192.83
193.11
193.40
193.68
193.94
194.22
194.51
194.84
195.18
195.48
195.78
196.10
196.41
196.77
197.10
197.42
197.74
198.08
198.40
198.72
199.03
199.33
199.65
199.96
time: 17.00928568840027
200.29
200.63
200.99
201.29
201.61
201.90
202.15
202.46
202.73
203.02
203.31
203.59
203.89
204.16
204.43
204.73
205.01
205.29
205.56
205.83
206.11
206.37
206.63
206.88
207.09
207.34
207.61
207.87
208.12
208.38
208.63
208.90
209.19
209.45
209.69
209.92
210.15
210.41
210.68
210.95
211.22
211.47
211.66
211.90
212.16
212.40
212.63
212.89
213.09
213.30
time: 17.509014129638672
213.41
213.56
213.76
213.93
214.07
214.21
214.35
214.54
214.72
214.90
215.06
215.24
215.40
215.59
215.75
215.90
216.06
216.21
216.34
216.45
216.56
216.66
216.74
216.82
216.90
216.98
217.06
217.12
217.18
217.23
217.29
217.34
217.38
217.43
217.47
217.50
217.52
217.52
217.53
217.54
217.54
217.52
217.49
217.47
217.45
217.43
217.40
217.37
217.35
217.31
time: 18.04111123085022
217.29
217.26
217.23
217.20
217.16
217.13
217.11
217.08
217.04
216.99
216.95
216.90
216.87
216.84
216.82
216.80
216.76
216.71
216.66
216.63
216.58
216.54
216.50
216.45
216.43
216.38
216.35
216.32
216.28
216.25
216.22
216.19
216.17
216.15
216.13
216.12
216.11
216.10
216.10
216.09
216.09
216.10
216.11
216.12
216.12
216.13
216.13
216.14
216.15
216.17
time: 18.57271456718445
216.19
216.21
216.24
216.27
216.30
216.34
216.37
216.39
216.40
216.42
216.45
216.47
216.49
216.51
216.52
216.54
216.57
216.60
216.63
216.65
216.68
216.70
216.73
216.75
216.77
216.79
216.80
216.81
216.83
216.83
216.85
216.87
216.88
216.88
216.90
216.90
216.90
216.90
216.90
216.89
216.88
216.88
216.88
216.87
216.87
216.86
216.85
216.86
216.85
216.85
time: 19.07205891609192
216.85
216.85
216.85
216.84
216.84
216.84
216.83
216.83
216.82
216.82
216.81
216.81
216.81
216.81
216.80
216.81
216.80
216.80
216.80
216.79
216.79
216.80
216.80
216.80
216.80
216.79
216.77
216.74
216.70
216.66
216.61
216.57
216.51
216.45
216.38
216.31
216.22
216.13
216.04
215.93
215.83
215.73
215.62
215.52
215.40
215.29
215.18
215.06
214.95
214.82
time: 19.604216814041138
214.70
214.57
214.44
214.29
214.16
214.01
213.87
213.70
213.53
213.38
213.22
213.08
212.91
212.76
212.62
212.49
212.35
212.20
212.06
211.92
211.80
211.69
211.57
211.46
211.35
211.24
211.13
211.03
210.94
210.85
210.77
210.67
210.59
210.53
210.46
210.41
210.36
210.30
210.24
210.20
210.16
210.13
210.11
210.08
210.06
210.02
209.98
209.95
209.92
209.89
time: 20.10340905189514
209.88
209.88
209.88
209.89
209.90
209.91
209.91
209.91
209.91
209.92
209.94
209.95
209.95
209.95
209.95
209.97
209.97
209.98
210.00
210.01
210.01
210.01
210.01
210.00
210.00
210.00
210.00
210.01
210.03
210.04
210.05
210.06
210.07
210.07
210.07
210.08
210.08
210.09
210.09
210.10
210.11
210.10
210.12
210.12
210.12
210.12
210.12
210.13
210.13
210.13
time: 20.634438514709473
210.13
210.12
210.11
210.11
210.12
210.12
210.11
210.10
210.08
210.08
210.07
210.06
210.04
210.02
210.00
209.98
209.96
209.94
209.92
209.90
209.89
209.88
209.87
209.87
209.86
209.85
209.86
209.85
209.84
209.84
209.83
209.84
209.83
209.83
209.83
209.84
209.83
209.83
209.83
209.83
209.83
209.83
209.81
209.82
209.83
209.82
209.81
209.81
209.81
209.82
time: 21.167145252227783
209.81
209.80
209.80
209.80
209.79
209.78
209.78
209.76
209.75
209.74
209.72
209.71
209.69
209.67
209.66
209.65
209.65
209.64
209.63
209.62
209.61
209.59
209.58
209.56
209.56
209.54
209.53
209.53
209.52
209.52
209.50
209.50
209.50
209.51
209.50
209.51
209.50
209.51
209.51
209.51
209.51
209.52
209.53
209.55
209.56
209.57
209.58
209.59
209.59
209.60
time: 21.66568160057068
209.61
209.61
209.62
209.63
209.63
209.64
209.65
209.66
209.65
209.65
209.65
209.65
209.64
209.64
209.63
209.63
209.61
209.61
209.59
209.59
209.57
209.56
209.55
209.53
209.52
209.51
209.51
209.51
209.51
209.51
209.50
209.50
209.51
209.50
209.49
209.49
209.48
209.48
209.47
209.47
209.47
209.45
209.44
209.43
209.42
209.42
209.42
209.41
209.40
209.40
time: 22.19767189025879
209.41
209.41
209.41
209.40
209.40
209.40
209.40
209.41
209.42
209.43
209.44
209.45
209.44
209.44
209.44
209.44
209.45
209.46
209.47
209.47
209.48
209.49
209.50
209.51
209.52
209.52
209.53
209.53
209.54
209.55
209.55
209.55
209.55
209.54
209.53
209.54
209.54
209.55
209.54
209.53
209.53
209.53
209.52
209.51
209.50
209.50
209.49
209.48
209.48
209.47
time: 22.72962498664856
209.47
209.47
209.47
209.46
209.46
209.46
209.45
209.46
209.46
209.47
209.48
209.49
209.50
209.50
209.51
209.52
209.52
209.53
209.55
209.55
209.56
209.56
209.56
209.57
209.57
209.57
209.57
209.57
209.57
209.56
209.56
209.56
209.57
209.57
209.57
209.57
209.57
209.58
209.57
209.57
209.57
209.57
209.57
209.57
209.57
209.56
209.57
209.57
209.58
209.58
time: 23.228495359420776
209.59
209.58
209.59
209.59
209.59
209.60
209.61
209.62
209.64
209.66
209.68
209.68
209.69
209.70
209.70
209.70
209.69
209.68
209.67
209.67
209.66
209.66
209.66
209.65
209.64
209.65
209.64
209.64
209.63
209.63
209.63
209.62
209.63
209.64
209.64
209.65
209.66
209.67
209.68
209.68
209.68
209.69
209.69
209.69
209.70
209.70
209.71
209.71
209.72
209.74
time: 23.760606050491333
209.76
209.77
209.78
209.79
209.79
209.80
209.80
209.80
209.81
209.82
209.83
209.83
209.84
209.84
209.85
209.85
209.87
209.87
209.88
209.88
209.88
209.89
209.89
209.89
209.91
209.91
209.92
209.94
209.95
209.96
209.97
209.98
209.98
209.98
209.99
209.99
209.99
210.00
209.99
210.00
210.00
210.00
210.00
210.00
210.00
210.00
210.00
210.00
209.99
209.98
time: 24.259442806243896
209.96
209.96
209.96
209.96
209.96
209.97
209.97
209.97
209.96
209.96
209.96
209.96
209.95
209.95
209.94
209.93
209.93
209.93
209.94
209.95
209.95
209.95
209.95
209.95
209.95
209.95
209.95
209.95
209.94
209.94
209.94
209.94
209.94
209.94
209.94
209.94
209.94
209.94
209.94
209.94
209.94
209.94
209.94
209.93
209.92
209.92
209.91
209.90
209.89
209.87
time: 24.791418075561523
209.86
209.85
209.84
209.82
209.80
209.77
209.76
209.75
209.74
209.72
209.71
209.70
209.70
209.68
209.67
209.65
209.65
209.64
209.64
209.64
209.63
209.63
209.63
209.63
209.63
209.64
209.64
209.64
209.64
209.64
209.65
209.65
209.66
209.66
209.66
209.67
209.69
209.71
209.73
209.74
209.74
209.75
209.76
209.76
209.76
209.77
209.78
209.79
209.79
209.80
time: 25.32369351387024
209.81
209.82
209.84
209.85
209.86
209.87
209.88
209.89
209.89
209.90
209.91
209.91
209.91
209.91
209.91
209.93
209.93
209.93
209.94
209.94
209.94
209.95
209.95
209.96
209.95
209.95
209.95
209.95
209.95
209.95
209.96
209.96
209.96
209.97
209.97
209.98
209.98
209.99
209.99
209.99
209.99
209.99
210.00
210.00
210.01
210.01
210.01
210.01
210.00
210.00
time: 25.822417736053467
210.01
210.00
210.00
210.00
210.00
210.00
210.01
210.01
210.01
210.01
210.01
210.01
210.01
210.00
210.00
209.99
209.99
209.99
209.99
209.99
209.99
210.01
210.02
210.01
210.02
210.02
210.04
210.04
210.06
210.07
210.07
210.07
210.07
210.08
210.09
210.09
210.09
210.09
210.09
210.08
210.07
210.07
210.07
210.06
210.06
210.06
210.06
210.04
210.05
210.06
time: 26.35436749458313
210.06
210.06
210.05
210.05
210.05
210.06
210.06
210.06
210.05
210.05
210.05
210.05
210.05
210.04
210.02
210.01
210.01
210.00
209.99
209.98
209.97
209.96
209.95
209.95
209.94
209.95
209.95
209.96
209.96
209.96
209.96
209.97
209.98
209.98
210.00
210.00
210.00
210.01
210.03
210.04
210.04
210.05
210.06
210.05
210.05
210.05
210.05
210.05
210.06
210.06
time: 26.886303186416626
210.06
210.06
210.07
210.08
210.09
210.10
210.11
210.13
210.14
210.15
210.16
210.16
210.16
210.16
210.17
210.17
210.17
210.17
210.17
210.17
210.17
210.16
210.15
210.14
210.13
210.13
210.14
210.14
210.14
210.14
210.13
210.13
210.12
210.12
210.12
210.13
210.12
210.13
210.13
210.14
210.16
210.18
210.19
210.19
210.20
210.21
210.22
210.23
210.24
210.24
time: 27.385199308395386
210.24
210.25
210.25
210.24
210.25
210.25
210.25
210.26
210.27
210.28
210.29
210.29
210.30
210.32
210.33
210.35
210.36
210.36
210.37
210.38
210.39
210.40
210.41
210.43
210.43
210.41
210.36
210.29
210.21
210.15
210.09
210.02
209.92
209.83
209.74
209.61
209.48
209.32
209.13
208.96
208.77
208.55
208.33
208.11
207.88
207.67
207.41
207.14
206.87
206.59
time: 27.916971445083618
206.32
206.05
205.75
205.49
205.22
204.94
204.65
204.38
204.11
203.82
203.51
203.18
202.90
202.65
202.31
202.03
201.74
201.46
201.19
200.86
200.54
200.22
199.92
199.59
199.27
198.94
198.59
198.26
197.91
197.58
197.24
196.93
196.58
196.26
195.93
195.62
195.32
194.99
194.68
194.37
194.06
193.75
193.47
193.22
192.95
192.67
192.40
192.13
191.88
191.66
time: 28.416619300842285
191.43
191.15
190.90
190.67
190.41
190.16
189.90
189.66
189.42
189.17
188.93
188.66
188.39
188.13
187.88
187.58
187.26
186.98
186.73
186.48
186.22
185.97
185.71
185.45
185.19
184.92
184.66
184.39
184.16
183.93
183.70
183.47
183.26
183.03
182.83
182.63
182.41
182.14
181.90
181.70
181.52
181.35
181.16
181.00
180.80
180.53
180.22
179.98
179.76
179.55
time: 28.948153734207153
179.34
179.18
179.04
178.99
179.04
179.18
179.36
179.56
179.71
179.77
179.74
179.69
179.62
179.54
179.42
179.30
179.20
179.09
179.02
178.93
178.87
178.83
178.83
178.84
178.84
178.83
178.80
178.77
178.70
178.61
178.46
178.27
178.05
177.82
177.58
177.34
177.07
176.83
176.62
176.40
176.16
175.83
175.57
175.35
175.13
174.90
174.63
174.39
174.22
174.03
time: 29.479788780212402
173.82
173.59
173.37
173.18
172.99
172.83
172.69
172.52
172.33
172.16
172.03
171.91
172.02
172.00
172.00
172.02
172.03
172.03
171.95
171.85
171.74
171.70
171.69
171.69
171.66
171.66
171.69
171.71
171.75
171.80
171.91
172.01
172.16
172.31
172.40
172.42
172.46
172.53
172.62
172.65
172.60
172.49
172.42
172.38
172.38
172.36
172.31
172.32
172.25
172.16
time: 29.97905468940735
171.98
171.61
171.26
171.12
171.05
171.12
171.25
171.37
171.47
171.53
171.51
171.48
171.42
171.43
171.51
171.61
171.70
171.82
171.94
172.03
172.08
172.08
172.06
171.99
171.94
171.86
171.79
171.69
171.60
171.52
171.47
171.44
171.40
171.36
171.33
171.32
171.38
171.42
171.44
171.45
171.48
171.53
171.62
171.71
171.84
171.93
172.03
172.13
172.24
172.34
time: 30.51105260848999
172.45
172.57
172.72
172.84
172.95
173.05
173.14
173.25
173.36
173.47
173.57
173.67
173.74
173.79
173.82
173.85
173.88
173.88
173.86
173.83
173.77
173.70
173.60
173.50
173.36
173.25
173.16
173.07
173.02
172.98
172.96
172.95
172.94
172.92
172.92
172.92
172.94
172.98
173.02
173.01
173.02
173.04
173.06
173.09
173.10
173.08
173.03
173.00
172.96
172.91
time: 31.0433132648468
172.87
172.82
172.77
172.70
172.64
172.55
172.46
172.39
172.32
172.25
172.18
172.12
172.07
172.02
171.98
171.94
171.91
171.89
171.88
171.88
171.88
171.89
171.90
171.95
172.00
172.08
172.14
172.24
172.36
172.50
172.61
172.73
172.86
172.98
173.10
173.22
173.37
173.52
173.65
173.75
173.84
173.91
173.95
174.01
174.08
174.15
174.22
174.30
174.39
174.49
time: 31.54211401939392
174.56
174.63
174.69
174.74
174.76
174.75
174.75
174.76
174.79
174.81
174.86
174.89
174.91
174.93
174.99
175.05
175.12
175.19
175.25
175.32
175.40
175.48
175.57
175.66
175.77
175.87
175.98
176.06
176.18
176.29
176.40
176.51
176.65
176.79
176.92
177.04
177.17
177.27
177.37
177.46
177.57
177.67
177.76
177.87
177.96
178.03
178.10
178.18
178.26
178.32
time: 32.07420587539673
178.36
178.40
178.43
178.45
178.46
178.48
178.50
178.52
178.53
178.50
178.47
178.46
178.45
178.45
178.43
178.41
178.39
178.36
178.34
178.32
178.30
178.28
178.28
178.27
178.25
178.23
178.20
178.17
178.14
178.14
178.11
178.08
178.03
177.96
177.91
177.87
177.85
177.81
177.75
177.68
177.64
177.61
177.58
177.55
177.50
177.44
177.40
177.35
177.28
177.22
time: 32.574050426483154
177.17
177.12
177.09
177.05
177.01
176.96
176.94
176.92
176.91
176.89
176.87
176.85
176.86
176.86
176.84
176.83
176.83
176.84
176.85
176.87
176.88
176.90
176.91
176.91
176.90
176.89
176.88
176.86
176.82
176.78
176.77
176.76
176.74
176.71
176.67
176.62
176.59
176.58
176.54
176.51
176.49
176.46
176.43
176.40
176.38
176.34
176.30
176.26
176.22
176.18
time: 33.10503649711609
176.15
176.11
176.09
176.06
176.04
176.02
176.01
176.00
175.98
175.96
175.95
175.95
175.93
175.93
175.92
175.89
175.88
175.90
175.92
175.93
175.92
175.92
175.92
175.91
175.90
175.91
175.94
175.96
175.97
175.97
175.96
175.97
175.97
175.98
175.97
175.95
175.93
175.92
175.91
175.92
175.93
175.95
175.95
175.95
175.95
175.97
175.98
175.99
176.02
176.02
time: 33.63663625717163
176.03
176.02
176.02
176.01
176.01
176.02
176.03
176.03
176.04
176.05
176.08
176.10
176.12
176.15
176.17
176.19
176.21
176.23
176.26
176.27
176.28
176.27
176.26
176.26
176.24
176.24
176.24
176.24
176.24
176.24
176.24
176.23
176.21
176.20
176.20
176.22
176.22
176.23
176.23
176.23
176.22
176.21
176.19
176.18
176.18
176.18
176.18
176.18
176.17
176.16
time: 34.135796546936035
176.18
176.19
176.17
176.17
176.14
176.14
176.14
176.13
176.13
176.13
176.12
176.11
176.10
176.08
176.06
176.04
176.03
176.02
176.01
175.99
175.98
175.98
175.98
175.98
175.99
175.99
175.99
175.99
175.98
175.98
175.98
175.97
175.97
175.97
175.97
175.95
175.92
175.91
175.91
175.90
175.89
175.88
175.88
175.89
175.90
175.91
175.90
175.89
175.89
175.88
time: 34.66814994812012
175.86
175.85
175.84
175.83
175.82
175.82
175.82
175.81
175.82
175.81
175.81
175.82
175.84
175.85
175.86
175.86
175.86
175.86
175.85
175.85
175.86
175.87
175.87
175.87
175.86
175.86
175.86
175.86
175.86
175.88
175.90
175.92
175.93
175.94
175.95
175.96
175.97
175.98
175.98
176.00
176.00
175.99
175.99
175.99
176.01
176.01
176.02
176.03
176.03
176.01
time: 35.19945240020752
176.00
176.01
176.01
176.01
176.01
176.01
176.01
176.02
176.02
176.02
176.01
176.00
175.99
176.00
176.00
176.00
176.02
176.03
176.04
176.05
176.06
176.07
176.07
176.08
176.08
176.08
176.09
176.10
176.11
176.13
176.13
176.13
176.13
176.13
176.14
176.14
176.12
176.12
176.12
176.12
176.11
176.09
176.08
176.06
176.06
176.05
176.04
176.03
176.03
176.00
time: 35.698731422424316
175.98
175.96
175.96
175.95
175.94
175.92
175.91
175.89
175.87
175.85
175.84
175.84
175.84
175.84
175.83
175.82
175.81
175.79
175.77
175.76
175.75
175.73
175.70
175.69
175.68
175.67
175.66
175.66
175.66
175.66
175.66
175.65
175.64
175.63
175.62
175.61
175.58
175.57
175.57
175.54
175.53
175.52
175.50
175.48
175.47
175.46
175.46
175.47
175.47
175.46
time: 36.230881214141846
175.45
175.45
175.46
175.46
175.45
175.44
175.44
175.43
175.43
175.41
175.41
175.41
175.40
175.39
175.39
175.37
175.36
175.35
175.34
175.34
175.36
175.37
175.38
175.37
175.36
175.35
175.34
175.32
175.30
175.30
175.28
175.28
175.27
175.27
175.27
175.27
175.26
175.27
175.28
175.29
175.30
175.31
175.32
175.33
175.34
175.35
175.37
175.38
175.39
175.41
time: 36.729628801345825
175.42
175.44
175.46
175.47
175.48
175.49
175.49
175.50
175.50
175.50
175.49
175.49
175.49
175.50
175.50
175.48
175.47
175.48
175.48
175.49
175.49
175.50
175.52
175.53
175.53
175.52
175.51
175.52
175.52
175.52
175.52
175.50
175.49
175.47
175.46
175.45
175.44
175.43
175.41
175.39
175.37
175.38
175.40
175.42
175.42
175.42
175.43
175.43
175.45
175.45
time: 37.26158332824707
175.46
175.48
175.48
175.48
175.48
175.50
175.51
175.52
175.53
175.53
175.54
175.54
175.55
175.55
175.54
175.55
175.56
175.58
175.59
175.61
175.63
175.64
175.66
175.66
175.68
175.68
175.68
175.68
175.69
175.69
175.68
175.67
175.66
175.65
175.65
175.64
175.64
175.62
175.61
175.60
175.59
175.58
175.57
175.56
175.54
175.55
175.55
175.54
175.53
175.52
time: 37.79370474815369
175.53
175.54
175.54
175.55
175.56
175.55
175.53
175.52
175.50
175.49
175.48
175.48
175.48
175.48
175.48
175.48
175.49
175.50
175.47
175.47
175.46
175.45
175.45
175.45
175.45
175.46
175.46
175.46
175.45
175.45
175.42
175.39
175.36
175.34
175.34
175.34
175.34
175.34
175.34
175.35
175.34
175.34
175.33
175.33
175.32
175.32
175.29
175.26
175.24
175.22
time: 38.292582511901855
175.21
175.18
175.18
175.16
175.14
175.15
175.14
175.14
175.14
175.15
175.14
175.14
175.13
175.11
175.11
175.11
175.08
175.09
175.07
175.07
175.06
175.06
175.04
175.04
175.05
175.05
175.05
175.07
175.07
175.07
175.09
175.10
175.10
175.11
175.11
175.11
175.11
175.11
175.08
175.09
175.08
175.06
175.07
175.07
175.08
175.09
175.09
175.07
175.07
175.06
time: 38.82465195655823
175.03
175.00
175.00
174.99
174.99
175.00
175.01
175.01
174.99
174.99
174.99
174.98
174.96
174.98
174.96
174.95
174.93
174.90
174.88
174.86
174.85
174.85
174.85
174.84
174.80
174.78
174.77
174.75
174.73
174.73
174.73
174.73
174.74
174.75
174.77
174.79
174.81
174.82
174.84
174.86
174.88
174.89
174.90
174.90
174.90
174.90
174.90
174.89
174.89
174.89
time: 39.35656809806824
174.90
174.86
174.86
174.83
174.82
174.80
174.79
174.78
174.76
174.74
174.74
174.73
174.74
174.74
174.72
174.74
174.74
174.74
174.75
174.73
174.71
174.70
174.65
174.66
174.63
174.61
174.62
174.60
174.60
174.59
174.58
174.58
174.58
174.56
174.54
174.53
174.51
174.49
174.49
174.47
174.46
174.44
174.46
174.47
174.47
174.48
174.48
174.45
174.45
174.44
time: 39.85568141937256
174.43
174.43
174.44
174.43
174.39
174.40
174.38
174.37
174.36
174.34
174.33
174.30
174.28
174.27
174.28
174.28
174.31
174.33
174.32
174.30
174.30
174.30
174.30
174.29
174.30
174.28
174.27
174.26
174.24
174.23
174.21
174.18
174.18
174.20
174.16
174.09
174.07
174.02
173.98
173.96
173.93
173.93
173.89
173.87
173.84
173.80
173.76
173.71
173.67
173.60
time: 40.38771343231201
173.52
173.45
173.39
173.34
173.24
173.15
173.08
173.01
172.94
172.86
172.83
172.77
172.64
172.57
172.52
172.49
172.46
172.42
172.36
172.36
172.32
172.28
172.24
172.21
172.19
172.13
172.07
172.04
172.05
172.04
172.03
172.00
171.95
171.92
171.93
171.99
172.04
172.08
172.11
172.09
172.10
172.18
172.25
172.33
172.44
172.57
172.69
172.82
172.95
173.15
time: 40.88632297515869
173.33
173.50
173.67
173.81
173.98
174.16
174.35
174.55
174.74
174.91
175.09
175.29
175.50
175.73
175.97
176.19
176.35
176.55
176.75
177.00
177.23
177.49
177.80
178.13
178.45
178.80
179.13
179.46
179.78
180.10
180.44
180.79
181.09
181.37
181.64
181.95
182.22
182.49
182.76
183.03
183.30
183.56
183.80
184.06
184.32
184.59
184.82
185.03
185.21
185.40
time: 41.418452739715576
