90.30
90.66
91.13
91.60
91.99
92.46
92.92
93.39
93.78
94.25
94.71
95.11
95.57
96.04
96.50
96.89
97.36
97.82
98.22
98.68
99.15
99.61
100.00
100.48
100.95
101.34
101.81
102.42
103.05
103.68
104.29
104.92
105.56
106.18
106.80
107.43
108.05
108.67
109.30
109.93
110.54
111.14
111.76
112.36
112.96
113.49
114.15
114.68
115.31
115.90
time: 4.539842367172241
116.46
117.04
117.60
118.15
118.70
119.25
119.78
120.30
120.83
121.34
121.85
122.35
122.86
123.36
123.86
124.36
124.86
125.36
125.87
126.37
126.87
127.37
127.88
128.37
128.86
129.35
129.84
130.35
130.84
131.35
131.84
132.33
132.82
133.31
133.80
134.29
134.81
135.31
135.85
136.38
136.95
137.49
138.07
138.64
139.21
139.71
140.33
140.82
141.42
141.97
time: 5.039757490158081
142.50
142.99
143.49
143.97
144.49
145.00
145.51
146.01
146.52
147.03
147.56
148.07
148.59
149.10
149.63
150.16
150.68
151.19
151.68
152.18
152.67
153.17
153.65
154.17
154.66
155.16
155.64
156.12
156.56
157.00
157.43
157.85
158.26
158.68
159.08
159.47
159.87
160.26
160.67
161.07
161.48
161.90
162.31
162.73
163.13
163.57
163.95
164.42
164.80
165.25
time: 5.571678876876831
165.65
166.04
166.44
166.81
167.18
167.55
167.90
168.25
168.60
168.96
169.32
169.68
170.02
170.36
170.71
171.08
171.45
171.79
172.14
172.50
172.85
173.19
173.52
173.85
174.18
174.51
174.82
175.13
175.44
175.74
176.04
176.34
176.63
176.91
177.22
177.51
177.81
178.10
178.40
178.68
178.97
179.28
179.57
179.85
180.11
180.39
180.63
180.93
181.17
181.45
time: 6.102621793746948
181.68
181.92
182.14
182.36
182.58
182.79
183.01
183.22
183.44
183.66
183.88
184.08
184.30
184.50
184.71
184.91
185.09
185.28
185.47
185.64
185.81
185.98
186.15
186.31
186.48
186.64
186.81
186.97
187.11
187.25
187.38
187.52
187.64
187.76
187.87
187.99
188.09
188.20
188.29
188.39
188.48
188.57
188.66
188.73
188.80
188.89
188.97
189.08
189.17
189.27
time: 6.601671457290649
189.35
189.42
189.50
189.57
189.64
189.70
189.75
189.81
189.85
189.89
189.94
189.99
190.03
190.08
190.12
190.16
190.19
190.23
190.26
190.28
190.30
190.31
190.32
190.34
190.34
190.37
190.40
190.42
190.44
190.47
190.50
190.53
190.55
190.57
190.60
190.62
190.63
190.63
190.64
190.64
190.64
190.63
190.61
190.62
190.62
190.62
190.63
190.64
190.66
190.67
time: 7.133223056793213
190.69
190.69
190.70
190.71
190.72
190.72
190.71
190.69
190.69
190.68
190.67
190.67
190.68
190.68
190.69
190.68
190.68
190.67
190.66
190.67
190.67
190.66
190.66
190.65
190.63
190.62
190.62
190.63
190.65
190.65
190.68
190.70
190.71
190.74
190.75
190.75
190.75
190.74
190.75
190.74
190.73
190.71
190.71
190.71
190.71
190.71
190.69
190.70
190.71
190.72
time: 7.632864713668823
190.73
190.74
190.74
190.75
190.75
190.74
190.72
190.73
190.73
190.72
190.73
190.74
190.71
190.73
190.72
190.71
190.70
190.67
190.67
190.66
190.64
190.62
190.62
190.62
190.64
190.63
190.61
190.61
190.61
190.61
190.61
190.61
190.60
190.60
190.58
190.57
190.57
190.55
190.54
190.54
190.52
190.51
190.51
190.50
190.48
190.47
190.45
190.46
190.43
190.42
time: 8.163752317428589
190.39
190.38
190.37
190.37
190.39
190.41
190.42
190.43
190.44
190.43
190.44
190.43
190.43
190.42
190.41
190.40
190.40
190.41
190.40
190.41
190.41
190.40
190.38
190.33
190.32
190.32
190.30
190.31
190.29
190.29
190.28
190.29
190.29
190.30
190.30
190.30
190.30
190.30
190.30
190.29
190.28
190.28
190.25
190.24
190.23
190.22
190.20
190.19
190.17
190.16
time: 8.6950843334198
190.13
190.12
190.11
190.12
190.14
190.12
190.12
190.13
190.14
190.15
190.15
190.16
190.14
190.15
190.15
190.14
190.13
190.12
190.12
190.11
190.10
190.11
190.11
190.12
190.13
190.15
190.17
190.21
190.25
190.27
190.30
190.31
190.31
190.32
190.33
190.34
190.34
190.36
190.38
190.38
190.40
190.38
190.39
190.41
190.40
190.39
190.39
190.39
190.38
190.38
time: 9.194705486297607
190.38
190.39
190.39
190.40
190.41
190.42
190.41
190.43
190.42
190.43
190.42
190.42
190.44
190.44
190.43
190.43
190.42
190.39
190.37
190.36
190.36
190.34
190.32
190.32
190.32
190.32
190.32
190.33
190.33
190.35
190.35
190.36
190.36
190.37
190.37
190.37
190.36
190.34
190.35
190.34
190.35
190.36
190.37
190.37
190.38
190.37
190.38
190.37
190.38
190.38
time: 9.725841522216797
190.39
190.40
190.40
190.39
190.39
190.40
190.41
190.42
190.43
190.44
190.45
190.47
190.49
190.50
190.50
190.51
190.51
190.51
190.50
190.50
190.49
190.49
190.48
190.47
190.49
190.50
190.50
190.51
190.52
190.53
190.53
190.53
190.54
190.54
190.54
190.54
190.54
190.56
190.55
190.56
190.57
190.56
190.57
190.56
190.56
190.57
190.56
190.57
190.57
190.58
time: 10.257500171661377
190.59
190.60
190.60
190.59
190.59
190.58
190.55
190.54
190.53
190.51
190.53
190.55
190.58
190.61
190.61
190.62
190.64
190.65
190.65
190.65
190.66
190.66
190.67
190.67
190.66
190.66
190.67
190.69
190.71
190.70
190.71
190.70
190.71
190.72
190.72
190.72
190.73
190.72
190.72
190.70
190.71
190.70
190.71
190.72
190.73
190.73
190.72
190.73
190.71
190.71
time: 10.756504774093628
190.72
190.73
190.73
190.74
190.74
190.74
190.73
190.73
190.73
190.72
190.72
190.71
190.73
190.74
190.75
190.76
190.75
190.75
190.76
190.74
190.73
190.70
190.71
190.70
190.69
190.69
190.68
190.67
190.64
190.63
190.62
190.61
190.61
190.62
190.62
190.64
190.64
190.63
190.60
190.57
190.57
190.57
190.57
190.57
190.58
190.56
190.55
190.54
190.52
190.50
time: 11.288807153701782
190.50
190.48
190.47
190.45
190.44
190.43
190.42
190.41
190.39
190.36
190.33
190.32
190.30
190.29
190.27
190.26
190.25
190.24
190.24
190.24
190.24
190.21
190.20
190.18
190.17
190.17
190.12
190.11
190.06
190.04
190.01
190.00
189.98
189.95
189.94
189.93
189.92
189.92
189.91
189.89
189.88
189.88
189.90
189.91
189.91
189.91
189.91
189.88
189.88
189.90
time: 11.788121938705444
189.91
189.94
189.96
189.98
189.99
190.00
189.99
189.99
189.98
190.01
190.01
190.01
190.01
190.01
190.00
189.99
190.00
190.02
190.03
190.01
190.03
190.05
190.07
190.07
190.08
190.08
190.09
190.10
190.12
190.15
190.16
190.18
190.18
190.21
190.24
190.23
190.23
190.24
190.23
190.23
190.24
190.24
190.26
190.27
190.27
190.29
190.31
190.32
190.32
190.32
time: 12.319429636001587
190.33
190.34
190.35
190.36
190.36
190.38
190.38
190.40
190.40
190.41
190.44
190.45
190.47
190.48
190.50
190.53
190.53
190.54
190.54
190.55
190.55
190.56
190.57
190.57
190.56
190.57
190.59
190.61
190.63
190.64
190.65
190.63
190.63
190.64
190.64
190.65
190.64
190.65
190.65
190.67
190.67
190.67
190.67
190.68
190.69
190.67
190.67
190.67
190.68
190.67
time: 12.85088324546814
190.65
190.64
190.63
190.63
190.63
190.64
190.64
190.65
190.65
190.65
190.65
190.64
190.66
190.67
190.67
190.68
190.68
190.67
190.67
190.67
190.67
190.63
190.62
190.63
190.63
190.65
190.65
190.64
190.65
190.65
190.65
190.66
190.65
190.65
190.66
190.63
190.60
190.60
190.59
190.59
190.59
190.59
190.58
190.58
190.58
190.57
190.56
190.54
190.54
190.54
time: 13.349502801895142
190.54
190.54
190.55
190.56
190.56
190.56
190.56
190.56
190.56
190.58
190.58
190.55
190.55
190.56
190.55
190.54
190.53
190.53
190.53
190.52
190.53
190.52
190.51
190.50
190.47
190.47
190.47
190.46
190.47
190.46
190.47
190.47
190.47
190.46
190.47
190.48
190.47
190.46
190.46
190.45
190.47
190.50
190.53
190.56
190.57
190.59
190.59
190.58
190.58
190.59
time: 13.88109278678894
190.58
190.59
190.59
190.58
190.58
190.56
190.55
190.55
190.54
190.53
190.53
190.52
190.49
190.47
190.47
190.45
190.46
190.46
190.48
190.49
190.48
190.50
190.50
190.51
190.51
190.50
190.51
190.52
190.53
190.52
190.53
190.53
190.52
190.53
190.51
190.48
190.44
190.43
190.42
190.42
190.44
190.44
190.45
190.45
190.45
190.46
190.45
190.45
190.46
190.47
time: 14.41334080696106
190.46
190.47
190.47
190.48
190.49
190.49
190.48
190.49
190.49
190.49
190.50
190.49
190.49
190.49
190.48
190.47
190.46
190.48
190.48
190.49
190.50
190.51
190.51
190.52
190.49
190.49
190.49
190.49
190.50
190.49
190.47
190.47
190.47
190.47
190.47
190.47
190.48
190.48
190.48
190.46
190.45
190.44
190.42
190.41
190.40
190.40
190.40
190.39
190.35
190.34
time: 14.912187337875366
190.33
190.31
190.31
190.29
190.28
190.28
190.25
190.24
190.21
190.20
190.20
190.20
190.20
190.21
190.21
190.21
190.21
190.19
190.19
190.19
190.21
190.23
190.25
190.28
190.30
190.32
190.34
190.32
190.31
190.28
190.28
190.28
190.27
190.26
190.27
190.28
190.30
190.32
190.32
190.31
190.31
190.27
190.26
190.23
190.21
190.22
190.27
190.32
190.36
190.41
time: 15.444614887237549
190.44
190.50
190.55
190.63
190.72
190.83
190.93
190.99
191.03
191.08
191.11
191.15
191.21
191.29
191.35
191.40
191.42
191.44
191.48
191.52
191.56
191.59
191.62
191.64
191.69
191.72
191.76
191.79
191.83
191.91
191.99
192.08
192.19
192.30
192.42
192.52
192.62
192.70
192.78
192.86
192.96
193.07
193.19
193.36
193.50
193.60
193.77
193.97
194.19
194.43
time: 15.943397521972656
194.71
195.00
195.30
195.58
195.89
196.21
196.55
196.91
197.30
197.69
198.02
198.42
198.74
199.12
199.50
199.88
200.25
200.64
201.05
201.46
201.87
202.26
202.64
202.65
203.01
203.36
203.71
204.05
204.39
204.72
205.03
205.33
205.59
205.82
206.05
206.27
206.51
206.78
207.08
207.40
207.69
207.99
208.31
208.63
208.97
209.32
209.67
210.04
210.42
210.80
time: 16.474591970443726
211.19
211.58
211.98
212.41
212.86
213.33
213.81
214.28
214.74
215.20
215.66
216.07
216.59
217.02
217.54
218.00
218.44
218.87
219.29
219.69
220.08
220.46
220.82
221.17
221.50
221.82
222.13
222.44
222.76
223.11
223.48
223.85
224.22
224.59
224.97
225.34
225.71
226.11
226.49
226.86
227.24
227.63
228.02
228.41
228.80
229.19
229.58
229.99
230.40
230.81
time: 17.00625967979431
231.24
231.63
232.01
232.37
232.74
233.13
233.50
233.88
234.27
234.65
235.01
235.29
235.63
235.89
236.21
236.51
236.80
237.09
237.39
237.68
237.94
238.21
238.49
238.77
239.04
239.30
239.55
239.79
240.04
240.31
240.57
240.81
241.03
241.25
241.46
241.67
241.89
242.13
242.36
242.60
242.81
243.01
243.20
243.37
243.56
243.75
243.98
244.20
244.42
244.66
time: 17.50563907623291
244.90
245.15
245.43
245.71
245.96
246.19
246.39
246.61
246.83
247.06
247.32
247.58
247.85
248.16
248.36
248.63
248.89
249.13
249.37
249.58
249.75
249.93
250.08
250.21
250.39
250.53
250.62
250.70
250.77
250.82
250.87
250.90
250.93
250.95
250.95
250.95
250.95
250.94
250.92
250.91
250.88
250.86
250.84
250.81
250.76
250.75
250.74
250.72
250.71
250.69
time: 18.03712010383606
250.68
250.66
250.64
250.60
250.57
250.54
250.53
250.50
250.48
250.44
250.40
250.36
250.30
250.26
250.20
250.16
250.11
250.06
250.00
249.94
249.87
249.81
249.77
249.71
249.65
249.58
249.52
249.45
249.38
249.29
249.24
249.19
249.13
249.09
249.02
248.95
248.91
248.88
248.86
248.84
248.83
248.82
248.80
248.78
248.77
248.77
248.76
248.75
248.75
248.74
time: 18.56881093978882
248.72
248.70
248.70
248.72
248.76
248.79
248.83
248.86
248.89
248.90
248.90
248.91
248.92
248.92
248.93
248.96
248.98
249.01
249.05
249.08
249.11
249.14
249.15
249.16
249.18
249.20
249.23
249.25
249.26
249.27
249.29
249.31
249.32
249.34
249.35
249.37
249.40
249.41
249.43
249.46
249.48
249.50
249.50
249.51
249.51
249.52
249.52
249.50
249.49
249.47
time: 19.068097352981567
249.47
249.45
249.42
249.40
249.38
249.38
249.38
249.39
249.40
249.40
249.41
249.43
249.46
249.49
249.53
249.56
249.61
249.64
249.69
249.73
249.76
249.80
249.85
249.91
249.98
250.04
250.08
250.14
250.17
250.21
250.26
250.33
250.41
250.48
250.54
250.60
250.65
250.71
250.77
250.83
250.87
250.91
250.95
250.98
251.00
251.02
251.05
251.07
251.07
251.08
time: 19.599427223205566
251.08
251.08
251.06
251.05
251.07
251.11
251.13
251.14
251.13
251.12
251.12
251.13
251.16
251.20
251.23
251.24
251.24
251.24
251.22
251.20
251.19
251.19
251.20
251.21
251.21
251.17
251.12
251.08
250.99
250.97
250.95
250.93
250.89
250.97
251.01
251.04
251.03
250.99
250.95
250.92
250.91
250.91
250.91
250.92
250.93
250.93
250.92
250.91
250.90
250.91
time: 20.231343507766724
250.93
250.95
250.97
250.99
250.99
250.99
250.99
251.01
251.03
251.07
251.10
251.11
251.11
251.11
251.11
251.11
251.13
251.17
251.22
251.26
251.29
251.33
251.36
251.40
251.44
251.47
251.50
251.54
251.57
251.60
251.64
251.66
251.67
251.68
251.71
251.73
251.73
251.73
251.74
251.73
251.73
251.72
251.72
251.71
251.69
251.69
251.69
251.69
251.68
251.66
time: 20.730143308639526
251.64
251.62
251.61
251.60
251.59
251.56
251.54
251.51
251.49
251.47
251.44
251.42
251.42
251.41
251.40
251.40
251.39
251.37
251.36
251.34
251.33
251.33
251.33
251.33
251.33
251.34
251.34
251.33
251.33
251.33
251.34
251.33
251.33
251.34
251.35
251.35
251.36
251.36
251.36
251.36
251.37
251.37
251.37
251.35
251.35
251.34
251.34
251.35
251.36
251.35
time: 21.261927366256714
251.34
251.33
251.32
251.31
251.29
251.28
251.27
251.26
251.24
251.23
251.22
251.20
251.18
251.16
251.15
251.14
251.13
251.12
251.09
251.07
251.06
251.05
251.04
251.04
251.04
251.04
251.04
251.04
251.02
251.01
251.02
251.03
251.04
251.07
251.08
251.10
251.11
251.12
251.12
251.12
251.12
251.13
251.14
251.14
251.14
251.15
251.16
251.16
251.15
251.14
time: 21.76062273979187
251.12
251.10
251.09
251.09
251.10
251.10
251.11
251.11
251.10
251.09
251.07
251.05
251.02
251.00
250.99
250.97
250.95
250.94
250.93
250.91
250.89
250.86
250.84
250.83
250.81
250.80
250.79
250.78
250.77
250.75
250.73
250.71
250.69
250.68
250.66
250.65
250.64
250.62
250.61
250.59
250.58
250.56
250.55
250.53
250.52
250.50
250.48
250.46
250.44
250.44
time: 22.29239797592163
250.43
250.44
250.44
250.43
250.40
250.40
248.98
249.01
249.04
249.06
249.08
249.10
249.12
249.15
249.18
249.21
249.23
249.26
249.28
249.30
249.32
249.34
249.36
249.38
249.41
249.44
249.46
249.49
249.51
249.54
249.56
249.58
249.60
249.62
249.64
249.65
249.66
249.68
249.69
249.70
249.70
249.71
249.72
249.73
249.74
249.74
249.74
249.72
249.71
249.71
time: 24.320180416107178
249.72
249.71
249.71
249.71
249.72
249.73
249.73
249.74
249.74
249.75
249.75
249.75
249.75
249.75
249.74
249.74
249.75
249.76
249.77
249.78
249.79
249.79
249.79
249.80
249.80
249.81
249.81
249.81
249.81
249.80
249.77
249.73
249.70
249.68
249.65
249.63
249.62
249.60
249.59
249.57
249.56
249.55
249.54
249.52
249.49
249.47
249.47
249.47
249.47
249.48
time: 24.818989276885986
249.47
249.47
249.47
249.47
249.45
249.43
249.41
249.41
249.40
249.39
249.38
249.35
249.33
249.32
249.32
249.30
249.29
249.28
249.27
249.25
249.23
249.22
249.22
249.22
249.23
249.23
249.24
249.23
249.22
249.22
249.22
249.23
249.25
249.26
249.27
249.30
249.31
249.34
249.35
249.37
249.38
249.39
249.39
249.38
249.39
249.40
249.41
249.42
249.42
249.42
time: 25.351325511932373
249.41
249.41
249.41
249.42
249.43
249.44
249.44
249.44
249.44
249.44
249.45
249.46
249.47
249.48
249.48
249.50
249.50
249.51
249.52
249.53
249.54
249.54
249.55
249.56
249.56
249.57
249.57
249.58
249.58
249.58
249.58
249.59
249.59
249.57
249.56
249.54
249.54
249.54
249.54
249.55
249.55
249.55
249.55
249.55
249.54
249.54
249.53
249.53
249.52
249.52
time: 25.882317304611206
249.51
249.52
249.51
249.50
249.50
249.51
249.52
249.52
249.52
249.52
249.53
249.53
249.53
249.52
249.53
249.54
249.55
249.56
249.57
249.59
249.60
249.60
249.61
249.62
249.63
249.62
249.62
249.63
249.63
249.63
249.63
249.63
249.61
249.59
249.56
249.56
249.55
249.53
249.50
249.48
249.46
249.45
249.41
249.36
249.33
249.31
249.29
249.26
249.25
249.15
time: 26.38150954246521
249.13
249.08
249.05
249.01
248.98
248.92
248.89
248.87
248.85
248.82
248.79
248.74
248.70
248.69
248.67
248.65
248.63
248.59
248.56
248.53
248.52
248.51
248.50
248.48
248.47
248.46
248.46
248.46
248.47
248.51
248.54
248.56
248.57
248.56
248.54
248.53
248.51
248.49
248.48
248.47
248.47
248.46
248.46
248.47
248.48
248.50
248.49
248.47
248.46
248.45
time: 26.91330099105835
248.46
248.46
248.48
248.49
248.49
248.50
248.50
248.50
248.50
248.50
248.51
248.51
248.51
248.53
248.54
248.53
248.53
248.52
248.50
248.49
248.47
248.46
248.47
248.49
248.50
248.49
248.48
248.47
248.46
248.46
248.46
248.46
248.46
248.45
248.44
248.43
248.42
248.41
248.41
248.40
248.40
248.39
248.38
248.37
248.37
248.37
248.36
248.36
248.35
248.32
time: 27.411872386932373
248.28
248.24
248.22
248.22
248.23
248.22
248.19
248.20
248.21
248.23
248.26
248.29
248.32
248.34
248.38
248.43
248.48
248.54
248.61
248.70
248.81
248.91
249.00
249.11
249.22
249.34
249.46
249.62
249.74
249.86
249.96
250.02
250.08
250.13
250.15
250.16
250.14
250.08
250.01
249.91
249.78
249.64
249.48
249.31
249.09
248.86
248.63
248.40
248.15
247.86
time: 27.94364595413208
247.57
247.27
246.99
246.70
246.42
246.14
245.85
245.56
245.28
244.99
244.70
243.97
241.85
241.49
241.13
240.73
215.50
215.29
215.05
214.78
214.52
214.24
213.96
213.69
213.41
213.13
212.84
212.56
212.25
211.94
211.64
211.31
210.97
210.63
210.29
209.94
209.58
209.22
208.84
208.49
208.05
207.68
207.21
206.77
206.35
205.94
205.54
205.16
204.77
204.37
time: 28.874736547470093
203.97
203.57
203.17
202.77
202.40
202.02
201.64
201.25
200.86
200.43
199.97
199.50
199.00
198.48
197.95
197.39
196.81
196.19
195.56
194.95
194.40
193.89
193.42
193.01
192.64
192.32
192.04
191.77
191.51
191.28
191.05
190.79
190.53
190.28
190.03
189.77
189.53
189.29
189.06
188.85
188.64
188.47
188.26
188.06
187.89
187.73
187.56
187.37
187.19
187.02
time: 29.373423099517822
186.86
186.70
186.53
186.36
186.20
186.02
185.84
185.66
185.48
185.32
185.17
185.02
184.89
184.76
184.63
184.53
184.44
184.34
184.23
184.10
183.96
183.84
183.73
183.63
183.57
183.51
183.46
183.42
183.36
183.34
183.33
183.29
183.12
183.11
183.08
178.36
178.25
178.13
178.15
178.10
178.05
177.98
177.96
177.93
177.96
177.92
177.92
177.96
177.98
177.97
time: 30.30417513847351
178.06
178.11
178.19
178.27
178.40
178.52
178.64
178.73
178.79
178.81
178.87
178.87
178.90
178.92
178.93
178.93
178.89
178.91
178.94
179.11
179.23
179.31
179.44
179.44
179.36
179.20
179.23
179.34
179.43
179.55
179.62
179.61
179.52
179.44
179.55
179.56
179.52
179.50
179.46
179.42
179.43
179.43
179.39
179.40
179.51
179.52
179.50
179.41
179.31
179.19
time: 30.80268621444702
179.07
179.01
178.97
178.92
178.88
178.86
178.74
178.53
178.51
178.52
178.47
178.36
178.21
177.93
177.44
177.24
177.16
177.06
177.01
176.96
176.73
176.57
176.32
176.39
176.24
176.18
176.42
176.59
176.80
176.70
176.57
176.65
176.63
176.56
175.94
175.92
175.97
176.00
176.26
176.38
176.56
176.57
176.52
176.66
176.73
176.82
176.48
176.40
176.24
175.52
time: 31.33467388153076
175.41
175.02
175.13
175.13
174.86
174.66
174.07
173.97
174.16
174.44
174.75
175.17
175.54
175.73
176.17
176.51
176.94
177.11
177.07
176.51
176.17
176.16
176.16
176.29
176.20
176.20
176.34
176.68
177.12
177.06
177.20
177.32
177.50
177.66
177.53
177.45
177.42
177.34
177.25
177.38
177.33
177.29
177.22
177.36
177.45
177.28
177.02
176.27
176.39
176.73
time: 31.866012573242188
176.75
177.06
177.18
177.13
177.11
177.08
177.15
177.41
177.44
177.66
177.90
177.99
178.18
178.17
178.19
178.32
178.35
178.49
178.49
178.55
178.49
178.54
178.52
178.89
178.96
179.33
179.31
179.34
179.66
179.35
179.28
178.46
177.63
177.38
177.05
177.13
176.94
177.02
177.13
177.26
177.43
177.34
177.00
176.94
176.76
176.53
176.50
175.86
175.92
175.87
time: 32.36536407470703
175.43
175.54
175.57
175.07
175.27
175.08
175.42
175.14
174.80
174.94
175.15
174.56
174.81
174.16
174.24
174.25
174.19
174.60
174.88
175.08
175.02
174.88
174.56
174.44
174.65
174.72
174.75
174.59
174.25
173.94
174.01
174.03
174.38
174.51
174.81
174.89
175.32
175.48
175.73
175.79
175.51
175.42
175.18
175.40
175.43
175.25
175.67
176.09
176.14
176.43
time: 32.8968780040741
176.44
176.18
176.13
176.23
175.84
175.81
176.07
176.24
176.32
176.20
176.26
176.27
176.08
175.58
175.52
175.48
175.66
176.00
176.01
175.93
175.95
176.27
176.28
176.16
175.56
175.96
176.00
175.89
175.88
175.66
175.85
175.84
175.93
175.80
175.75
176.12
176.23
176.49
176.15
175.81
175.95
176.34
176.33
176.76
176.87
177.16
177.41
177.16
177.11
176.85
time: 33.395750999450684
176.69
176.53
176.64
176.61
176.82
176.80
176.87
176.95
176.70
176.32
176.33
176.50
176.50
176.56
176.85
176.66
176.77
176.93
177.08
177.24
177.41
177.50
177.46
177.58
177.46
177.32
177.30
177.03
177.37
177.50
177.60
177.38
177.49
177.52
177.33
177.44
177.32
177.27
177.20
177.12
177.19
177.14
177.06
177.18
177.12
177.47
177.59
177.50
177.32
177.40
time: 33.92803168296814
177.41
177.49
177.34
177.46
177.56
177.63
177.62
177.64
177.51
177.51
177.51
177.43
177.42
177.52
177.50
177.49
177.73
177.69
177.56
177.43
177.06
176.95
177.03
176.80
177.00
177.20
177.21
177.28
177.19
177.00
177.05
177.03
176.93
176.80
176.68
176.91
177.09
177.05
176.97
176.94
177.01
176.83
176.78
176.66
176.55
176.69
176.75
176.58
176.56
176.57
time: 34.459837913513184
176.48
176.41
176.37
176.32
176.35
176.47
176.30
176.52
176.64
176.89
177.02
176.84
176.99
177.01
176.95
176.89
176.27
176.26
176.26
176.22
176.59
176.90
176.93
176.92
176.95
176.88
176.80
176.62
176.64
176.75
176.69
176.65
176.72
176.75
176.83
176.94
176.90
176.80
177.09
176.97
176.97
176.90
176.82
176.98
177.08
177.08
177.22
177.23
177.51
177.44
time: 34.95856595039368
176.95
177.09
177.13
177.00
176.93
176.88
176.84
176.87
176.98
177.18
177.34
177.56
177.46
177.55
177.47
177.35
177.30
177.34
177.39
177.51
177.78
177.77
177.91
178.02
178.13
177.92
177.90
177.74
177.72
177.83
177.84
177.87
177.96
177.99
178.01
177.87
177.77
177.70
177.44
177.40
177.45
177.47
177.74
178.07
178.04
177.85
177.94
177.95
177.96
177.98
time: 35.490241289138794
177.77
177.69
177.89
177.94
177.98
178.08
178.15
178.18
178.17
178.02
177.91
177.79
177.66
177.59
177.81
178.15
177.84
177.64
177.50
177.57
177.55
177.57
177.55
177.42
177.44
177.41
177.43
177.44
177.61
177.70
177.72
177.72
177.65
177.61
177.06
176.98
177.07
177.27
177.37
177.38
177.44
177.47
177.53
177.60
177.49
177.41
177.25
177.16
177.16
177.10
time: 36.02199649810791
177.00
177.03
177.05
177.02
176.99
176.97
176.91
176.97
176.97
177.13
177.15
177.19
177.26
177.29
177.17
177.25
177.16
177.05
176.96
176.96
176.95
176.89
176.85
176.88
176.94
177.08
177.06
177.06
176.99
177.02
176.87
176.82
176.60
176.65
176.85
176.82
177.16
177.45
177.45
177.45
177.29
177.03
177.03
176.89
176.66
176.66
176.79
177.08
177.17
177.27
time: 36.52054166793823
177.26
177.19
177.40
177.33
177.36
177.30
177.26
177.32
177.33
177.42
177.50
177.39
177.47
177.50
177.40
177.50
177.62
177.56
177.66
177.63
177.67
177.99
178.09
178.08
178.03
177.92
177.89
177.90
177.92
178.00
178.01
178.00
177.99
178.01
178.17
178.19
178.25
178.42
178.34
178.24
178.25
178.07
177.91
177.45
177.36
177.43
177.47
177.53
177.67
177.78
time: 37.05274987220764
177.80
177.91
177.83
177.97
177.94
178.10
178.11
177.82
177.96
178.07
177.99
177.95
177.88
177.79
177.71
177.62
177.66
177.78
177.84
177.89
177.90
177.87
177.96
178.07
178.19
178.24
178.31
178.40
178.34
178.39
178.49
178.52
178.78
178.86
179.03
179.08
179.13
179.02
178.77
178.62
178.47
178.46
178.48
178.50
178.58
178.53
178.55
178.48
178.44
178.49
time: 37.551748752593994
178.61
178.64
178.72
178.90
179.02
179.05
178.97
178.52
178.45
178.36
178.33
178.37
178.47
178.46
178.53
178.43
178.35
178.33
178.31
178.26
178.23
177.93
177.86
177.94
177.83
177.81
177.87
177.82
177.81
177.85
177.80
177.71
177.61
177.69
177.63
177.53
177.50
177.43
177.40
177.52
177.63
177.44
177.37
177.36
177.56
177.55
177.48
177.65
177.77
177.62
time: 38.08328032493591
177.69
177.52
177.35
177.33
177.45
177.49
177.68
177.79
177.88
177.91
177.76
177.40
177.09
177.11
177.09
177.31
177.38
177.68
177.80
177.78
177.82
177.77
177.45
177.47
177.52
177.50
177.48
177.44
177.35
177.43
177.40
177.37
177.41
177.55
177.74
177.82
177.91
177.69
177.53
177.57
177.51
177.39
177.43
177.63
177.83
177.78
177.59
177.57
177.42
177.40
time: 38.61518454551697
177.38
177.57
177.60
177.62
177.81
177.90
177.90
177.86
177.92
177.91
177.96
177.87
178.04
178.12
178.26
178.32
178.21
177.90
177.74
177.60
177.68
177.69
177.89
177.92
177.82
177.56
177.34
177.16
176.91
176.91
176.97
177.00
177.12
177.14
176.98
177.13
177.26
177.38
177.74
178.07
178.06
177.93
177.84
177.63
177.63
177.74
177.65
177.79
177.75
177.60
time: 39.11366677284241
177.59
177.63
177.64
177.56
177.54
177.63
177.68
177.76
177.74
177.73
177.59
177.54
177.73
177.72
177.90
178.01
178.15
178.20
177.97
177.82
177.80
177.84
177.84
177.85
177.82
177.96
177.91
178.10
177.97
177.95
177.74
177.64
177.66
177.63
177.69
177.78
177.60
177.50
177.43
177.32
177.38
177.61
177.93
177.96
177.90
177.89
177.78
177.77
177.75
177.86
time: 39.64553093910217
177.78
177.82
177.55
177.51
177.41
177.43
177.46
177.41
177.49
177.70
177.77
177.84
177.88
177.96
177.76
177.71
177.28
177.29
177.32
177.48
177.66
177.71
177.81
177.79
177.21
177.21
177.16
177.01
177.10
177.31
177.28
177.57
177.57
177.67
177.59
177.35
176.81
176.75
176.73
176.88
177.23
177.18
177.23
177.22
177.13
176.95
176.86
176.68
176.56
176.82
time: 40.17719578742981
176.68
176.90
176.94
176.78
176.75
176.67
176.72
176.72
176.60
176.61
176.38
176.24
176.03
175.68
175.39
175.42
175.34
175.08
175.08
175.46
175.50
175.10
175.19
175.44
174.96
174.80
174.64
174.58
174.44
174.46
174.52
174.54
174.29
174.28
174.30
174.31
174.06
174.04
173.52
173.62
173.59
173.46
173.06
172.79
172.77
172.57
172.47
172.56
172.40
172.11
time: 40.676108837127686
