90.32
90.71
91.22
91.72
92.22
92.65
93.15
93.65
94.14
94.56
95.06
95.55
95.97
96.46
96.95
97.43
97.85
98.34
98.83
99.33
99.74
100.24
100.73
101.22
101.64
102.13
102.61
103.23
103.88
104.53
105.19
105.85
106.49
107.15
107.80
108.45
109.11
109.76
110.33
111.05
111.70
112.33
112.96
113.59
114.22
114.84
115.45
116.06
116.66
117.26
time: 4.5401451587677
117.86
118.46
119.06
119.65
120.24
120.82
121.33
121.96
122.53
123.09
123.66
124.23
124.80
125.36
125.92
126.49
127.04
127.59
128.15
128.70
129.25
129.79
130.34
130.88
131.36
131.95
132.50
133.03
133.56
134.08
134.61
135.14
135.66
136.19
136.71
137.24
137.76
138.27
138.77
139.28
139.80
140.30
140.74
141.28
141.79
142.28
142.77
143.26
143.74
144.24
time: 5.040842771530151
144.74
145.22
145.70
146.18
146.65
147.13
147.60
148.07
148.53
148.99
149.44
149.89
150.35
150.80
151.26
151.70
152.15
152.59
153.03
153.46
153.90
154.33
154.75
155.17
155.58
155.98
156.38
156.78
157.17
157.52
157.94
158.33
158.71
159.09
159.47
159.85
160.23
160.61
160.98
161.34
161.71
162.07
162.43
162.79
163.14
163.49
163.84
164.13
164.49
164.82
time: 5.571977853775024
165.14
165.46
165.78
166.11
166.43
166.75
167.07
167.38
167.71
168.04
168.36
168.69
169.01
169.33
169.65
169.93
170.27
170.59
170.90
171.21
171.51
171.81
172.10
172.40
172.69
172.98
173.27
173.55
173.83
174.10
174.36
174.61
174.87
175.12
175.38
175.63
175.89
176.14
176.40
176.63
176.88
177.12
177.35
177.59
177.83
178.06
178.30
178.52
178.75
178.98
time: 6.102858781814575
179.21
179.44
179.64
179.89
180.11
180.31
180.51
180.70
180.89
181.07
181.25
181.43
181.60
181.78
181.94
182.10
182.25
182.40
182.54
182.67
182.79
182.95
183.10
183.24
183.37
183.50
183.63
183.75
183.86
183.97
184.07
184.17
184.27
184.37
184.47
184.56
184.65
184.74
184.80
184.89
184.96
185.03
185.10
185.17
185.23
185.29
185.34
185.38
185.42
185.44
time: 6.6031293869018555
185.45
185.46
185.48
185.51
185.53
185.55
185.58
185.62
185.65
185.68
185.71
185.73
185.74
185.75
185.76
185.76
185.75
185.73
185.72
185.70
185.69
185.68
185.66
185.63
185.60
185.57
185.56
185.54
185.53
185.53
185.54
185.55
185.56
185.56
185.57
185.56
185.57
185.59
185.60
185.62
185.63
185.63
185.63
185.63
185.63
185.62
185.60
185.60
185.61
185.60
time: 7.1347739696502686
185.58
185.56
185.55
185.52
185.50
185.50
185.49
185.49
185.49
185.50
185.53
185.55
185.59
185.63
185.68
185.73
185.79
185.85
185.91
185.95
185.99
186.04
186.07
186.10
186.11
186.12
186.13
186.14
186.13
186.12
186.10
186.09
186.07
186.06
186.05
186.02
186.00
185.97
185.95
185.93
185.91
185.89
185.88
185.86
185.83
185.80
185.80
185.78
185.77
185.75
time: 7.635099411010742
185.74
185.74
185.72
185.70
185.66
185.64
185.63
185.60
185.56
185.54
185.51
185.50
185.49
185.46
185.45
185.43
185.42
185.42
185.43
185.43
185.44
185.46
185.47
185.49
185.50
185.51
185.52
185.52
185.52
185.52
185.52
185.53
185.53
185.54
185.54
185.54
185.53
185.52
185.51
185.48
185.45
185.42
185.41
185.38
185.36
185.34
185.31
185.31
185.31
185.30
time: 8.165785074234009
185.30
185.31
185.31
185.30
185.27
185.26
185.24
185.24
185.23
185.21
185.21
185.19
185.16
185.12
185.11
185.08
185.05
185.03
185.00
184.98
184.95
184.93
184.94
184.92
184.92
184.91
184.91
184.90
184.90
184.89
184.88
184.88
184.86
184.84
184.82
184.82
184.82
184.82
184.80
184.78
184.77
184.76
184.74
184.72
184.69
184.68
184.68
184.71
184.73
184.75
time: 8.697191715240479
184.75
184.72
184.68
184.66
184.68
184.72
184.77
184.81
184.83
184.83
184.79
184.74
184.76
184.78
184.79
184.76
184.71
184.65
184.57
184.48
184.39
184.32
184.26
184.22
184.22
184.22
184.23
184.27
184.30
184.35
184.40
184.49
184.57
184.65
184.73
184.78
184.82
184.84
184.87
184.91
184.97
185.03
185.10
185.16
185.21
185.25
185.29
185.30
185.31
185.31
time: 9.19718337059021
185.31
185.32
185.33
185.33
185.34
185.35
185.36
185.39
185.42
185.44
185.47
185.51
185.56
185.62
185.66
185.68
185.70
185.72
185.76
185.82
185.87
185.91
185.93
185.91
185.89
185.86
185.84
185.85
185.87
185.88
185.89
185.90
185.91
185.92
185.95
185.95
185.96
185.96
185.96
185.96
185.97
185.98
186.01
186.03
186.04
186.06
186.08
186.10
186.11
186.12
time: 9.72931170463562
186.13
186.13
186.13
186.12
186.13
186.14
186.15
186.17
186.18
186.20
186.21
186.22
186.24
186.26
186.28
186.29
186.30
186.32
186.35
186.37
186.38
186.39
186.40
186.40
186.40
186.39
186.40
186.41
186.43
186.45
186.47
186.49
186.50
186.52
186.53
186.53
186.53
186.52
186.52
186.52
186.51
186.51
186.50
186.49
186.48
186.47
186.45
186.45
186.44
186.43
time: 10.26016116142273
186.42
186.41
186.40
186.39
186.38
186.37
186.37
186.37
186.36
186.36
186.36
186.35
186.34
186.34
186.34
186.32
186.29
186.29
186.28
186.26
186.23
186.21
186.18
186.15
186.13
186.10
186.08
186.07
186.05
186.04
186.02
186.00
185.99
185.99
185.98
185.97
185.96
185.95
185.93
185.91
185.89
185.87
185.84
185.81
185.79
185.75
185.73
185.71
185.70
185.69
time: 10.759850978851318
185.67
185.66
185.64
185.64
185.63
185.62
185.61
185.59
185.57
185.57
185.57
185.56
185.58
185.58
185.58
185.59
185.60
185.61
185.62
185.64
185.65
185.66
185.67
185.69
185.70
185.72
185.74
185.75
185.76
185.76
185.77
185.79
185.79
185.80
185.80
185.80
185.81
185.81
185.82
185.83
185.83
185.83
185.83
185.82
185.82
185.81
185.82
185.83
185.83
185.84
time: 11.291058540344238
185.83
185.83
185.82
185.82
185.81
185.82
185.82
185.82
185.82
185.82
185.82
185.82
185.83
185.83
185.82
185.81
185.81
185.81
185.81
185.81
185.81
185.81
185.82
185.82
185.83
185.84
185.84
185.85
185.87
185.88
185.88
185.89
185.91
185.92
185.93
185.94
185.96
185.98
185.99
186.01
186.02
186.01
186.01
186.03
186.05
186.05
186.06
186.07
186.08
186.09
time: 11.790196418762207
186.10
186.11
186.11
186.12
186.14
186.14
186.14
186.14
186.15
186.15
186.15
186.14
186.13
186.13
186.15
186.18
186.21
186.21
186.22
186.22
186.21
186.22
186.23
186.23
186.23
186.23
186.23
186.23
186.22
186.21
186.21
186.20
186.19
186.18
186.18
186.19
186.20
186.19
186.20
186.20
186.19
186.19
186.19
186.20
186.20
186.21
186.20
186.21
186.21
186.22
time: 12.32174038887024
186.22
186.22
186.21
186.20
186.20
186.20
186.20
186.20
186.21
186.22
186.22
186.22
186.22
186.22
186.23
186.22
186.23
186.23
186.24
186.25
186.26
186.27
186.29
186.30
186.31
186.32
186.32
186.32
186.30
186.28
186.26
186.24
186.21
186.20
186.19
186.16
186.14
186.13
186.10
186.08
186.06
186.05
186.04
186.05
186.06
186.05
186.03
186.01
186.00
185.98
time: 12.853858947753906
185.95
185.92
185.88
185.84
185.80
185.76
185.72
185.68
185.64
185.61
185.57
185.52
185.48
185.44
185.40
185.37
185.35
185.32
185.29
185.25
185.22
185.20
185.18
185.16
185.14
185.12
185.11
185.10
185.09
185.09
185.09
185.09
185.08
185.07
185.05
185.03
185.01
185.00
184.99
184.98
184.97
184.94
184.91
184.89
184.86
184.85
184.81
184.79
184.75
184.73
time: 13.352634906768799
184.71
184.69
184.67
184.65
184.63
184.61
184.61
184.59
184.59
184.58
184.56
184.55
184.55
184.57
184.59
184.61
184.62
184.63
184.64
184.66
184.67
184.67
184.68
184.67
184.67
184.67
184.66
184.65
184.64
184.61
184.59
184.56
184.52
184.49
184.47
184.44
184.42
184.41
184.40
184.39
184.38
184.37
184.37
184.37
184.37
184.38
184.41
184.42
184.42
184.41
time: 13.884804964065552
184.41
184.41
184.42
184.44
184.46
184.47
184.48
184.47
184.45
184.44
184.43
184.42
184.42
184.41
184.40
184.40
184.40
184.39
184.37
184.36
184.35
184.35
184.35
184.34
184.35
184.34
184.33
184.32
184.30
184.28
184.29
184.29
184.28
184.27
184.26
184.26
184.25
184.25
184.26
184.28
184.30
184.32
184.34
184.35
184.37
184.38
184.39
184.40
184.40
184.39
time: 14.41667366027832
184.39
184.38
184.38
184.37
184.36
184.35
184.36
184.36
184.36
184.36
184.35
184.32
184.29
184.26
184.27
184.27
184.26
184.26
184.25
184.23
184.22
184.20
184.19
184.18
184.16
184.14
184.12
184.10
184.07
184.05
184.02
184.01
183.99
183.96
183.92
183.89
183.85
183.83
183.80
183.77
183.74
183.70
183.66
183.61
183.56
183.53
183.49
183.45
183.42
183.41
time: 14.915793180465698
183.38
183.37
183.36
183.34
183.31
183.26
183.21
183.16
183.11
183.03
182.97
182.91
182.86
182.81
182.76
182.71
182.66
182.63
182.58
182.52
182.46
182.42
182.35
182.27
182.22
182.19
182.15
182.11
182.08
182.05
182.01
181.98
181.95
181.91
181.88
181.85
181.82
181.82
181.80
181.78
181.76
181.75
181.75
181.74
181.72
181.70
181.68
181.67
181.65
181.63
time: 15.447720050811768
181.61
181.63
181.63
181.66
181.70
181.74
181.78
181.81
181.84
181.86
181.88
181.89
181.91
181.94
181.99
182.06
182.13
182.20
182.26
182.31
182.35
182.37
182.38
182.40
182.41
182.41
182.41
182.42
182.40
182.40
182.38
182.36
182.33
182.31
182.28
182.25
182.21
182.17
182.11
182.06
182.00
181.94
181.89
181.84
181.81
181.77
181.72
181.69
181.67
181.66
time: 15.94666075706482
181.63
181.63
181.62
181.61
181.59
181.58
181.59
181.59
181.60
181.61
181.61
181.61
181.62
181.62
181.62
181.62
181.62
181.60
181.59
181.58
181.57
181.57
181.56
181.55
181.53
181.52
181.52
181.50
181.49
181.46
181.44
181.41
181.39
181.37
181.36
181.35
181.34
181.34
181.33
181.33
181.33
181.33
181.33
181.34
181.35
181.35
181.35
181.35
181.36
181.37
time: 16.478363513946533
181.38
181.39
181.40
181.42
181.43
181.45
181.47
181.50
181.51
181.51
181.54
181.57
181.61
181.63
181.65
181.67
181.68
181.71
181.73
181.75
181.77
181.77
181.74
181.67
181.68
181.74
181.82
181.92
182.05
182.15
182.24
182.33
182.42
182.48
182.56
182.62
182.68
182.77
182.81
182.81
182.80
182.78
182.76
182.74
182.71
182.68
182.66
182.62
182.58
182.54
time: 17.010777235031128
182.48
182.37
182.23
182.08
181.94
181.83
181.71
181.61
181.52
181.40
181.27
181.15
181.03
180.91
180.78
180.67
180.57
180.43
180.29
180.13
179.98
179.84
179.73
179.65
179.56
179.46
179.37
179.26
179.16
179.04
178.93
178.82
178.74
178.66
178.60
178.56
178.50
178.46
178.44
178.41
178.44
178.53
178.65
178.79
178.91
179.13
179.39
179.66
179.86
180.08
time: 17.50958800315857
180.26
180.39
180.51
180.59
180.70
180.89
181.16
181.44
181.66
181.86
182.00
182.10
182.16
182.26
182.39
182.51
182.60
182.71
182.85
182.97
183.06
183.13
183.17
183.18
183.18
183.18
183.13
183.11
183.13
183.20
183.34
183.48
183.68
183.89
184.19
184.54
184.93
185.35
185.81
186.28
186.75
187.22
187.68
188.13
188.56
188.99
189.42
189.99
190.60
191.14
time: 18.041842699050903
191.77
192.41
193.00
193.51
194.01
194.42
194.89
195.39
195.86
196.31
196.79
197.27
197.75
198.23
198.69
199.20
199.69
200.13
200.67
201.15
201.64
202.14
202.61
203.10
203.59
204.07
204.56
205.06
205.58
206.06
206.54
207.00
207.45
207.90
208.35
208.80
209.22
209.63
210.02
210.37
210.68
210.93
211.26
211.61
211.97
212.31
212.64
212.96
213.25
213.53
time: 18.573198080062866
213.82
214.12
214.42
214.74
215.05
215.44
215.80
216.15
216.49
216.82
217.15
217.47
217.80
218.15
218.50
218.83
219.15
219.44
219.76
220.04
220.29
220.54
220.76
221.05
221.31
221.57
221.80
222.01
222.18
222.31
222.43
222.57
222.67
222.78
222.86
222.89
222.82
222.72
222.62
222.58
222.57
222.53
222.47
222.45
222.44
222.39
222.33
222.26
222.26
222.21
time: 19.072382926940918
222.13
222.04
221.97
221.89
221.79
221.69
221.57
221.46
221.38
221.30
221.22
221.15
221.10
221.04
220.99
220.93
220.85
220.76
220.68
220.57
220.47
220.38
220.26
220.16
220.07
219.96
219.86
219.77
219.65
219.53
219.43
219.31
219.21
219.10
218.98
218.86
218.73
218.60
218.46
218.30
218.14
218.01
217.86
217.71
217.57
217.42
217.25
217.11
216.97
216.81
time: 19.604835033416748
216.66
216.50
216.33
216.17
216.03
215.88
215.72
215.56
215.42
215.28
215.14
214.97
214.84
214.73
214.61
214.50
214.39
214.28
214.17
214.09
214.00
213.93
213.86
213.80
213.74
213.68
213.63
213.57
213.53
213.49
213.45
213.43
213.40
213.38
213.37
213.36
213.35
213.34
213.35
213.36
213.38
213.39
213.41
213.43
213.47
213.50
213.54
213.58
213.62
213.65
time: 20.103480577468872
213.69
213.72
213.76
213.79
213.83
213.87
213.91
213.95
213.98
214.01
214.04
214.07
214.11
214.13
214.15
214.17
214.19
214.21
214.23
214.26
214.29
214.32
214.36
214.39
214.41
214.43
214.44
214.47
214.49
214.50
214.52
214.55
214.58
214.59
214.61
214.63
214.65
214.67
214.67
214.70
214.71
214.72
214.73
214.73
214.74
214.75
214.75
214.76
214.78
214.78
time: 20.63494873046875
214.80
214.80
214.80
214.81
214.82
214.84
214.85
214.86
214.86
214.87
214.87
214.87
214.87
214.87
214.86
214.87
214.87
214.86
214.86
214.85
214.86
214.86
214.86
214.87
214.87
214.87
214.89
214.90
214.91
214.92
214.92
214.93
214.93
214.93
214.94
214.94
214.94
214.94
214.93
214.93
214.94
214.96
214.96
214.96
214.96
214.96
214.95
214.94
214.93
214.93
time: 21.16766357421875
214.93
214.93
214.93
214.92
214.92
214.92
214.91
214.91
214.91
214.91
214.91
214.91
214.91
214.92
214.93
214.93
214.93
214.94
214.95
214.95
214.96
214.96
214.96
214.95
214.95
214.95
214.94
214.94
214.94
214.93
214.93
214.93
214.93
214.93
214.94
214.94
214.94
214.95
214.95
214.95
214.96
214.96
214.97
214.97
214.97
214.97
214.97
214.98
214.97
214.96
time: 21.66694688796997
214.96
214.96
214.97
214.96
214.96
214.95
214.95
214.95
214.94
214.93
214.93
214.92
214.93
214.94
214.95
214.95
214.94
214.95
214.95
214.95
214.95
214.95
214.96
214.96
214.96
214.97
214.98
214.98
214.98
215.00
214.99
214.99
214.99
214.99
214.98
214.98
214.97
214.97
214.97
214.97
214.96
214.97
214.97
214.97
214.97
214.97
214.96
214.95
214.94
214.92
time: 22.1981840133667
214.90
214.88
214.86
214.84
214.81
214.78
214.75
214.71
214.67
214.64
214.60
214.56
214.51
214.45
214.39
214.33
214.28
214.22
214.18
214.12
214.06
213.99
213.93
213.87
213.80
213.73
213.64
213.56
213.48
213.39
213.31
213.23
213.15
213.07
212.99
212.89
212.81
212.67
212.56
212.46
212.37
212.28
212.18
212.08
212.00
211.91
211.82
211.73
211.64
211.56
time: 22.731107473373413
211.48
211.40
211.32
211.26
211.20
211.13
211.07
211.02
210.97
210.92
210.89
210.85
210.81
210.78
210.77
210.76
210.74
210.73
210.72
210.72
210.73
210.73
210.75
210.76
210.78
210.79
210.80
210.82
210.85
210.88
210.91
210.93
210.96
210.99
211.02
211.05
211.07
211.10
211.13
211.15
211.18
211.20
211.22
211.23
211.24
211.26
211.27
211.28
211.28
211.28
time: 23.229718923568726
211.27
211.25
211.24
211.22
211.20
211.18
211.16
211.14
211.13
211.12
211.12
211.09
211.08
211.07
211.06
211.04
211.03
211.01
210.99
210.99
210.98
210.98
210.98
210.98
210.98
210.98
210.98
210.98
210.99
210.99
210.98
210.99
210.99
211.00
211.00
211.00
211.01
211.01
211.02
211.03
211.04
211.05
211.06
211.07
211.08
211.09
211.10
211.11
211.12
211.13
time: 23.76140332221985
211.14
211.14
211.15
211.16
211.16
211.16
211.15
211.15
211.14
211.14
211.14
211.14
211.14
211.14
211.14
211.14
211.14
211.14
211.15
211.15
211.15
211.15
211.17
211.17
211.17
211.18
211.19
211.19
211.19
211.20
211.19
211.19
211.20
211.20
211.20
211.22
211.23
211.24
211.25
211.26
211.25
211.26
211.27
211.28
211.28
211.30
211.30
211.30
211.30
211.30
time: 24.260679721832275
211.31
211.31
211.30
211.29
211.29
211.29
211.28
211.27
211.27
211.26
211.26
211.26
211.26
211.25
211.24
211.23
211.23
211.23
211.24
211.24
211.25
211.26
211.28
211.28
211.29
211.30
211.31
211.31
211.31
211.32
211.32
211.32
211.33
211.33
211.33
211.34
211.34
211.35
211.36
211.37
211.38
211.38
211.39
211.39
211.39
211.38
211.38
211.38
211.37
211.38
time: 24.792217254638672
211.39
211.40
211.40
211.40
211.38
211.38
211.37
211.36
211.35
211.35
211.35
211.35
211.35
211.34
211.34
211.35
211.35
211.35
211.35
211.35
211.35
211.36
211.37
211.38
211.39
211.39
211.38
211.38
211.39
211.38
211.38
211.38
211.38
211.38
211.37
211.36
211.35
211.34
211.34
211.34
211.34
211.34
211.34
211.34
211.35
211.35
211.36
211.36
211.37
211.37
time: 25.324506521224976
211.38
211.38
211.39
211.39
211.40
211.40
211.40
211.39
211.39
211.39
211.38
211.38
211.37
211.37
211.37
211.37
211.36
211.36
211.36
211.36
211.35
211.35
211.35
211.35
211.36
211.36
211.36
211.36
211.36
211.37
211.37
211.36
211.36
211.34
211.34
211.35
211.33
211.32
211.30
211.30
211.30
211.30
211.29
211.30
211.29
211.30
211.30
211.30
211.30
211.31
time: 25.822794914245605
211.30
211.29
211.28
211.28
211.27
211.26
211.25
211.24
211.22
211.21
211.19
211.17
211.15
211.14
211.12
211.10
211.09
211.07
211.05
211.05
211.05
211.05
211.06
211.06
211.07
211.09
211.10
211.12
211.12
211.13
211.14
211.15
211.16
211.17
211.18
211.18
211.19
211.20
211.21
211.22
211.22
211.23
211.23
211.24
211.24
211.24
211.25
211.24
211.24
211.24
time: 26.355262279510498
211.24
211.23
211.23
211.23
211.24
211.25
211.25
211.25
211.26
211.26
211.25
211.25
211.25
211.24
211.23
211.23
211.23
211.23
211.23
211.22
211.23
211.23
211.22
211.22
211.21
211.21
211.21
211.22
211.22
211.23
211.24
211.24
211.25
211.26
211.26
211.26
211.26
211.27
211.27
211.28
211.28
211.28
211.29
211.30
211.30
211.31
211.31
211.32
211.33
211.32
time: 26.887137174606323
211.32
211.33
211.32
211.33
211.33
211.33
211.34
211.34
211.35
211.36
211.36
211.37
211.37
211.36
211.36
211.36
211.36
211.36
211.36
211.37
211.37
211.38
211.37
211.38
211.38
211.38
211.37
211.37
211.38
211.40
211.40
211.41
211.42
211.43
211.43
211.43
211.43
211.43
211.43
211.43
211.43
211.44
211.46
211.48
211.49
211.50
211.51
211.51
211.52
211.53
time: 27.38645029067993
211.55
211.56
211.57
211.58
211.59
211.61
211.63
211.64
211.66
211.66
211.67
211.67
211.68
211.68
211.68
211.67
211.66
211.66
211.65
211.65
211.65
211.65
211.65
211.65
211.65
211.65
211.65
211.66
211.67
211.67
211.68
211.69
211.70
211.72
211.73
211.74
211.75
211.77
211.79
211.82
211.84
211.86
211.88
211.90
211.94
211.99
212.04
212.10
212.18
212.26
time: 27.918107748031616
212.34
212.40
212.45
212.50
212.54
212.57
212.61
212.63
212.66
212.69
212.72
212.78
212.85
212.93
213.03
213.12
213.23
213.34
213.45
213.54
213.63
213.72
213.80
213.89
213.98
214.08
214.17
214.25
214.32
214.40
214.47
214.53
214.58
214.62
214.66
214.70
214.74
214.76
214.77
214.77
214.77
214.77
214.76
214.75
214.75
214.74
214.73
214.71
214.68
214.65
time: 28.41787886619568
214.61
214.55
214.48
214.42
214.36
214.30
214.24
214.18
214.13
214.07
214.02
213.96
213.89
213.84
213.78
213.73
213.67
213.62
213.58
213.53
213.50
213.46
213.44
213.41
213.38
213.35
213.33
213.29
213.26
213.23
213.21
213.18
213.16
213.15
213.13
213.13
213.13
213.14
213.16
213.17
213.19
213.20
213.22
213.24
213.25
213.28
213.30
213.33
213.36
213.39
time: 28.94944930076599
213.40
213.42
213.43
213.45
213.47
213.48
213.50
213.52
213.52
213.53
213.54
213.55
213.56
213.55
213.56
213.56
213.56
213.56
213.55
213.54
213.55
213.54
213.54
213.55
213.54
213.53
213.52
213.52
213.52
213.51
213.50
213.49
213.49
213.50
213.50
213.51
213.51
213.52
213.52
213.52
213.52
213.52
213.53
213.51
213.51
213.51
213.50
213.49
213.48
213.47
time: 29.481115102767944
213.47
213.48
213.49
213.49
213.50
213.51
213.52
213.54
213.55
213.57
213.59
213.60
213.62
213.63
213.65
213.68
213.70
213.72
213.74
213.75
213.77
213.78
213.79
213.80
213.81
213.82
213.81
213.81
213.81
213.81
213.82
213.82
213.81
213.82
213.82
213.82
213.82
213.82
213.81
213.80
213.79
213.78
213.77
213.77
213.77
213.76
213.75
213.74
213.73
213.72
time: 29.98000407218933
213.72
213.72
213.71
213.72
213.70
213.70
213.70
213.69
213.70
213.68
213.69
213.69
213.70
213.70
213.70
213.70
213.71
213.71
213.72
213.72
213.72
213.72
213.72
213.72
213.72
213.72
213.72
213.72
213.71
213.71
213.71
213.72
213.72
213.71
213.71
213.71
213.73
213.74
213.74
213.74
213.75
213.76
213.75
213.75
213.74
213.73
213.73
213.73
213.72
213.71
time: 30.512239694595337
213.71
213.70
213.69
213.67
213.66
213.65
213.65
213.64
213.63
213.62
213.61
213.58
213.57
213.56
213.53
213.51
213.47
213.42
213.36
213.29
213.22
213.13
213.05
212.94
212.85
212.76
212.64
212.52
212.40
212.29
212.16
212.02
211.90
211.79
211.68
211.56
211.44
211.32
211.20
211.06
210.91
210.76
210.61
210.45
210.30
210.15
209.98
209.79
209.59
209.38
time: 31.04413866996765
209.18
208.98
208.76
208.54
208.30
208.08
207.89
207.65
207.39
207.16
206.92
206.68
206.41
206.12
205.84
205.54
205.20
204.85
204.49
204.12
203.75
203.33
202.95
202.57
202.24
201.78
201.31
200.87
200.43
200.04
199.64
199.24
198.80
198.40
197.98
197.54
197.09
196.65
196.22
195.79
195.35
194.90
194.51
194.05
193.64
193.22
192.84
192.46
192.07
191.67
time: 31.54336166381836
191.29
190.92
190.54
190.15
189.78
189.43
189.05
188.68
188.33
187.95
187.57
187.24
186.87
186.51
186.14
185.73
185.31
184.88
184.48
184.06
183.67
183.29
182.90
182.46
182.01
181.63
181.31
181.01
180.70
180.40
180.06
179.76
179.52
179.31
179.13
178.99
178.91
178.86
178.75
178.63
178.48
178.26
177.89
177.77
177.64
177.51
177.36
177.24
177.08
176.95
time: 32.075448513031006
176.83
176.71
176.67
176.59
176.43
176.15
175.93
175.78
175.72
175.71
175.79
175.94
176.18
176.45
176.74
177.02
177.29
177.43
177.44
177.39
177.31
177.19
177.02
176.68
176.39
176.09
175.77
175.43
175.17
175.01
174.88
174.66
174.47
174.28
174.02
173.76
173.48
173.17
173.00
172.90
172.87
172.88
172.90
173.03
173.18
173.32
173.46
173.60
173.79
174.00
time: 32.573869943618774
174.21
174.45
174.65
174.89
175.12
175.37
175.64
175.91
176.18
176.44
176.66
176.85
177.00
177.11
177.25
177.38
177.49
177.60
177.75
177.88
177.97
178.09
178.21
178.32
178.42
178.52
178.62
178.73
178.85
178.97
179.08
179.17
179.25
179.32
179.37
179.43
179.49
179.55
179.58
179.62
179.69
179.74
179.79
179.86
179.93
179.99
180.05
180.17
180.26
180.38
time: 33.10549712181091
180.45
180.50
180.53
180.57
180.61
180.66
180.74
180.85
180.90
180.97
181.05
181.12
181.20
181.28
181.36
181.44
181.52
181.65
181.71
181.78
181.85
181.90
181.93
181.97
182.00
182.03
182.05
182.07
182.08
182.10
182.13
182.15
182.18
182.20
182.23
182.27
182.30
182.29
182.25
182.20
182.17
182.14
182.09
182.03
181.96
181.87
181.78
181.67
181.55
181.43
time: 33.63752865791321
181.31
181.20
181.08
180.96
180.86
180.77
180.69
180.61
180.54
180.49
180.46
180.45
180.42
180.39
180.36
180.36
180.36
180.35
180.34
180.31
180.29
180.29
180.30
180.32
180.33
180.31
180.30
180.28
180.25
180.22
180.19
180.15
180.13
180.10
180.07
180.05
180.02
179.98
179.92
179.86
179.80
179.75
179.69
179.63
179.60
179.57
179.54
179.53
179.54
179.56
time: 34.13701415061951
179.60
179.65
179.72
179.80
179.87
179.94
179.99
180.02
180.05
180.10
180.15
180.20
180.26
180.30
180.32
180.33
180.34
180.34
180.35
180.35
180.35
180.35
180.35
180.35
180.36
180.34
180.34
180.31
180.30
180.29
180.28
180.27
180.25
180.27
180.29
180.34
180.36
180.36
180.40
180.44
180.50
180.56
180.62
180.69
180.76
180.84
180.94
181.05
181.16
181.24
time: 34.66892647743225
181.31
181.41
181.49
181.61
181.71
181.80
181.87
181.93
182.00
182.04
182.08
182.12
182.17
182.22
182.27
182.29
182.32
182.35
182.39
182.46
182.50
182.51
182.50
182.47
182.46
182.46
182.44
182.44
182.45
182.45
182.42
182.38
182.35
182.32
182.29
182.25
182.21
182.19
182.15
182.13
182.10
182.05
182.02
182.01
182.00
181.99
181.98
181.95
181.93
181.93
time: 35.200830698013306
181.93
181.93
181.96
181.98
182.00
182.03
182.04
182.06
182.11
182.16
182.23
182.29
182.32
182.34
182.35
182.35
182.35
182.36
182.37
182.38
182.40
182.41
182.43
182.44
182.43
182.41
182.36
182.31
182.24
182.11
182.07
182.00
181.96
181.91
181.88
181.82
181.77
181.73
181.69
181.63
181.57
181.51
181.47
181.46
181.45
181.42
181.38
181.33
181.27
181.20
time: 35.70017981529236
181.11
181.02
180.93
180.83
180.72
180.62
180.53
180.45
180.36
180.27
180.16
180.03
179.93
179.80
179.69
179.60
179.52
179.45
179.39
179.34
179.29
179.24
179.18
179.12
179.05
178.99
178.95
178.91
178.87
178.84
178.82
178.80
178.77
178.75
178.73
178.72
178.71
178.67
178.65
178.63
178.60
178.59
178.58
178.58
178.59
178.59
178.61
178.64
178.64
178.65
time: 36.23217272758484
178.67
178.69
178.70
178.72
178.72
178.72
178.73
178.74
178.77
178.78
178.79
178.81
178.82
178.82
178.83
178.85
178.87
178.87
178.89
178.91
178.92
178.92
178.92
178.92
178.93
178.94
178.94
178.93
178.93
178.93
178.93
178.93
178.93
178.94
178.93
178.92
178.91
178.91
178.90
178.90
178.91
178.92
178.92
178.92
178.92
178.91
178.92
178.92
178.93
178.94
time: 36.73119831085205
178.96
178.97
178.99
178.99
178.98
178.97
178.95
178.95
178.96
178.95
178.96
178.97
178.96
178.96
178.96
178.95
178.94
178.92
178.92
178.92
178.92
178.91
178.91
178.91
178.92
178.93
178.95
178.96
178.98
178.98
178.97
178.98
178.98
178.97
178.97
178.96
178.93
178.91
178.89
178.87
178.86
178.85
178.83
178.82
178.82
178.81
178.78
178.73
178.69
178.64
time: 37.26256036758423
178.60
178.58
178.56
178.57
178.58
178.59
178.59
178.59
178.62
178.64
178.67
178.70
178.72
178.73
178.73
178.74
178.75
178.77
178.79
178.79
178.80
178.80
178.81
178.80
178.80
178.79
178.79
178.80
178.82
178.83
178.83
178.84
178.84
178.84
178.83
178.82
178.81
178.79
178.78
178.76
178.73
178.73
178.73
178.73
178.74
178.74
178.73
178.74
178.74
178.75
time: 37.794820070266724
178.76
178.77
178.77
178.77
178.77
178.78
178.78
178.77
178.78
178.78
178.76
178.75
178.74
178.73
178.73
178.72
178.70
178.69
178.66
178.64
178.61
178.59
178.58
178.58
178.59
178.61
178.61
178.62
178.64
178.67
178.69
178.71
178.74
178.79
178.85
178.91
178.97
179.01
179.04
179.06
179.06
179.07
179.08
179.09
179.12
179.13
179.14
179.14
179.15
179.15
time: 38.293498039245605
179.14
179.14
179.11
179.10
179.08
179.06
179.03
179.00
178.99
178.98
178.97
178.97
178.97
178.96
178.95
178.94
178.93
178.90
178.88
178.85
178.81
178.78
178.74
178.71
178.68
178.66
178.66
178.67
178.69
178.71
178.74
178.76
178.78
178.79
178.79
178.79
178.80
178.79
178.79
178.78
178.79
178.80
178.81
178.81
178.82
178.82
178.84
178.88
178.92
178.97
time: 38.825470209121704
179.01
179.04
179.06
179.08
179.08
179.07
179.05
179.01
178.96
178.93
178.91
178.90
178.90
178.90
178.92
178.94
178.97
179.00
179.03
179.05
179.07
179.11
179.15
179.17
179.20
179.21
179.23
179.27
179.30
179.33
179.36
179.39
179.42
179.45
179.48
179.50
179.52
179.53
179.52
179.50
179.50
179.49
179.48
179.48
179.47
179.47
179.48
179.50
179.50
179.51
time: 39.35699725151062
179.52
179.53
179.54
179.53
179.54
179.54
179.54
179.54
179.54
179.53
179.52
179.52
179.50
179.49
179.48
179.45
179.43
179.42
179.41
179.40
179.38
179.37
179.35
179.36
179.35
179.35
179.34
179.34
179.33
179.31
179.30
179.29
179.29
179.30
179.31
179.32
179.30
179.29
179.28
179.27
179.26
179.25
179.26
179.26
179.28
179.28
179.28
179.29
179.30
179.30
time: 39.85732364654541
179.30
179.31
179.31
179.32
179.33
179.33
179.32
179.32
179.32
179.32
179.31
179.32
179.32
179.34
179.34
179.34
179.35
179.36
179.36
179.37
179.37
179.38
179.38
179.39
179.39
179.39
179.40
179.39
179.39
179.38
179.38
179.37
179.36
179.36
179.37
179.37
179.37
179.36
179.35
179.34
179.33
179.31
179.30
179.30
179.30
179.31
179.31
179.31
179.31
179.32
time: 40.38888072967529
179.32
179.32
179.33
179.33
179.33
179.32
179.32
179.32
179.31
179.33
179.33
179.34
179.32
179.31
179.29
179.28
179.27
179.27
179.28
179.28
179.28
179.28
179.27
179.26
179.26
179.26
179.25
179.25
179.26
179.27
179.27
179.28
179.28
179.27
179.27
179.27
179.28
179.30
179.31
179.33
179.33
179.33
179.33
179.33
179.32
179.32
179.33
179.34
179.34
179.35
time: 40.887617111206055
179.36
179.36
179.35
179.35
179.35
179.35
179.34
179.33
179.33
179.34
179.32
179.30
179.30
179.29
179.30
179.30
179.32
179.33
179.34
179.35
179.37
179.39
179.39
179.37
179.36
179.36
179.35
179.34
179.34
179.34
179.34
179.35
179.35
179.36
179.38
179.39
179.39
179.40
179.42
179.43
179.44
179.45
179.46
179.47
179.48
179.48
179.49
179.50
179.51
179.50
time: 41.41931366920471
179.51
179.51
179.52
179.54
179.55
179.55
179.56
179.56
179.55
179.53
179.52
179.50
179.48
179.47
179.46
179.45
179.43
179.41
179.40
179.38
179.38
179.36
179.35
179.33
179.31
179.31
179.30
179.29
179.28
179.28
179.28
179.28
179.26
179.24
179.22
179.21
179.20
179.19
179.18
179.17
179.17
179.17
179.17
179.16
179.16
179.16
179.16
179.17
179.16
179.15
time: 41.95167350769043
179.16
179.15
179.14
179.14
179.13
179.13
179.12
179.12
179.11
179.09
179.09
179.09
179.09
179.08
179.08
179.08
179.09
179.09
179.08
179.07
179.08
179.08
179.08
179.09
179.07
179.07
179.07
179.08
179.09
179.09
179.09
179.09
179.09
179.10
179.11
179.12
179.11
179.11
179.11
179.11
179.12
179.12
179.12
179.11
179.11
179.12
179.12
179.12
179.12
179.13
time: 42.45101308822632
179.13
179.15
179.14
179.15
179.16
179.15
179.13
179.13
179.14
179.16
179.19
179.21
179.24
179.28
179.31
179.33
179.35
179.36
179.37
179.36
179.36
179.36
179.37
179.37
179.38
179.40
179.41
179.44
179.45
179.46
179.47
179.48
179.50
179.52
179.54
179.56
179.58
179.60
179.62
179.64
179.65
179.66
179.67
179.69
179.71
179.74
179.76
179.78
179.79
179.79
time: 42.983009815216064
179.80
179.81
179.82
179.82
179.83
179.82
179.82
179.83
179.84
179.84
179.83
179.81
179.80
179.78
179.77
179.76
179.75
179.75
179.73
179.73
179.71
179.70
179.68
179.67
179.65
179.63
179.62
179.61
179.58
179.55
179.51
179.47
179.43
179.39
179.36
179.33
179.30
179.27
179.23
179.18
179.13
179.08
179.02
178.96
178.91
178.86
178.82
178.79
178.75
178.72
time: 43.51450228691101
178.69
178.64
178.58
178.53
178.50
178.47
178.43
178.39
178.36
178.36
178.36
178.35
178.31
178.29
178.30
178.30
178.30
178.30
178.31
178.30
178.28
178.27
178.25
178.21
178.17
178.15
178.13
178.11
178.09
178.08
178.06
178.03
178.00
177.97
177.93
177.91
177.88
177.86
177.82
177.79
177.76
177.73
177.71
177.69
177.66
177.63
177.61
177.59
177.57
177.57
time: 44.01350688934326
177.57
177.53
177.50
177.48
177.47
177.48
177.49
177.50
177.50
177.50
177.48
177.46
177.43
177.39
177.35
177.33
177.30
177.27
177.22
177.18
177.15
177.12
177.09
177.07
177.04
177.01
176.98
176.94
176.89
176.85
176.83
176.81
176.78
176.76
176.72
176.67
176.64
176.62
176.61
176.61
176.62
176.62
176.64
176.65
176.67
176.70
176.73
176.75
176.77
176.78
time: 44.54539370536804
176.80
176.81
176.83
176.83
176.82
176.83
176.83
176.82
176.80
176.78
176.74
176.69
176.63
176.55
176.46
176.34
176.25
176.17
176.16
176.12
176.10
176.04
175.98
175.92
175.89
175.86
175.87
175.83
175.73
175.70
175.70
175.70
175.71
175.71
175.75
175.77
175.83
175.93
176.03
176.18
176.33
176.48
176.62
176.74
176.88
177.01
177.16
177.35
177.54
177.76
time: 45.04427623748779
