90.00
90.35
90.74
91.25
91.75
92.18
92.68
93.18
93.68
94.10
94.60
95.10
95.53
96.03
96.54
97.04
97.47
97.97
98.48
98.91
99.41
99.92
100.43
100.85
101.36
101.86
102.36
102.78
103.45
104.13
104.81
105.49
106.16
106.83
107.51
108.17
108.84
109.51
110.17
110.84
111.50
112.08
112.81
113.40
114.12
114.79
115.44
116.09
116.73
117.37
time: 4.507730007171631
118.02
118.66
119.30
119.94
120.58
121.21
121.83
122.46
123.08
123.71
124.34
124.97
125.59
126.20
126.82
127.44
128.05
128.65
129.25
129.85
130.46
131.06
131.66
132.26
132.86
133.46
134.05
134.65
135.24
135.83
136.42
137.01
137.60
138.18
138.77
139.35
139.92
140.50
141.08
141.66
142.24
142.75
143.38
143.90
144.52
145.09
145.64
146.19
146.74
147.29
time: 5.038845062255859
147.82
148.36
148.89
149.42
149.95
150.47
150.99
151.51
152.03
152.54
153.06
153.57
154.07
154.58
155.08
155.58
156.08
156.58
157.08
157.57
158.05
158.53
159.02
159.49
159.96
160.42
160.88
161.34
161.80
162.25
162.70
163.14
163.57
164.01
164.45
164.88
165.31
165.73
166.15
166.57
166.94
167.39
167.76
168.21
168.62
169.03
169.44
169.85
170.27
170.70
time: 5.570976734161377
171.11
171.53
171.93
172.31
172.69
173.07
173.45
173.82
174.20
174.57
174.94
175.31
175.66
176.02
176.37
176.72
177.07
177.42
177.77
178.12
178.47
178.81
179.15
179.49
179.82
180.15
180.48
180.82
181.16
181.50
181.83
182.15
182.47
182.80
183.12
183.43
183.75
184.07
184.38
184.69
184.96
185.30
185.57
185.90
186.20
186.50
186.79
187.08
187.38
187.67
time: 6.069491386413574
187.96
188.25
188.54
188.83
189.11
189.38
189.66
189.92
190.19
190.45
190.72
190.97
191.24
191.50
191.74
191.98
192.21
192.45
192.67
192.90
193.12
193.35
193.56
193.77
193.98
194.19
194.40
194.61
194.83
195.05
195.26
195.48
195.70
195.91
196.11
196.32
196.53
196.73
196.93
197.12
197.30
197.45
197.63
197.76
197.92
198.06
198.19
198.33
198.46
198.58
time: 6.601440668106079
198.70
198.82
198.95
199.07
199.20
199.32
199.43
199.53
199.63
199.72
199.81
199.89
199.96
200.00
200.05
200.10
200.14
200.17
200.18
200.19
200.22
200.25
200.26
200.23
200.20
200.17
200.14
200.11
200.08
200.04
200.00
199.94
199.89
199.85
199.82
199.77
199.72
199.68
199.65
199.62
199.58
199.56
199.53
199.51
199.46
199.38
199.28
199.16
199.06
198.97
time: 7.133258104324341
198.92
198.86
198.77
198.69
198.59
198.48
198.37
198.28
198.20
198.13
198.04
197.97
197.88
197.79
197.68
197.55
197.46
197.39
197.33
197.27
197.18
197.10
197.02
196.96
196.91
196.87
196.83
196.79
196.74
196.68
196.65
196.61
196.59
196.58
196.56
196.53
196.50
196.46
196.45
196.43
196.44
196.46
196.46
196.46
196.46
196.46
196.44
196.41
196.39
196.38
time: 7.632072687149048
196.36
196.38
196.41
196.45
196.46
196.48
196.52
196.52
196.55
196.58
196.61
196.64
196.66
196.68
196.68
196.69
196.68
196.66
196.63
196.59
196.54
196.49
196.44
196.40
196.32
196.27
196.20
196.13
196.06
195.99
195.95
195.89
195.83
195.76
195.66
195.60
195.52
195.48
195.42
195.36
195.29
195.24
195.19
195.14
195.09
195.04
195.00
194.96
194.93
194.89
time: 8.1637864112854
194.85
194.80
194.74
194.70
194.67
194.64
194.60
194.58
194.56
194.53
194.48
194.45
194.43
194.42
194.41
194.40
194.38
194.39
194.37
194.37
194.37
194.36
194.36
194.37
194.39
194.38
194.39
194.39
194.39
194.40
194.41
194.41
194.42
194.45
194.46
194.47
194.48
194.48
194.47
194.48
194.52
194.58
194.63
194.68
194.71
194.70
194.68
194.72
194.79
194.89
time: 8.662769317626953
194.99
195.11
195.15
195.13
195.13
195.18
195.30
195.50
195.69
195.83
195.87
195.80
195.62
195.54
195.64
195.84
196.01
196.18
196.34
196.45
196.54
196.60
196.64
196.67
196.70
196.77
196.86
196.96
197.05
197.16
197.24
197.32
197.42
197.54
197.70
197.88
198.04
198.16
198.25
198.33
198.43
198.53
198.64
198.79
198.90
199.01
199.11
199.20
199.29
199.37
time: 9.194480895996094
199.46
199.56
199.64
199.72
199.78
199.85
199.90
199.93
199.96
199.98
200.01
200.02
200.06
200.11
200.15
200.20
200.25
200.31
200.37
200.41
200.47
200.55
200.62
200.71
200.79
200.88
200.96
201.02
201.05
201.08
201.10
201.13
201.13
201.12
201.10
201.07
201.03
201.00
200.97
200.93
200.89
200.85
200.82
200.79
200.76
200.73
200.70
200.70
200.71
200.73
time: 9.726317167282104
200.74
200.74
200.76
200.76
200.77
200.79
200.81
200.83
200.84
200.87
200.88
200.90
200.91
200.92
200.96
200.99
201.02
201.04
201.05
201.06
201.06
201.06
201.06
201.06
201.04
201.01
200.99
200.98
200.93
200.90
200.87
200.84
200.81
200.77
200.74
200.71
200.69
200.65
200.63
200.61
200.59
200.57
200.56
200.55
200.53
200.51
200.51
200.50
200.49
200.48
time: 10.224840641021729
200.48
200.47
200.45
200.43
200.40
200.38
200.36
200.34
200.32
200.27
200.25
200.24
200.24
200.23
200.21
200.21
200.20
200.19
200.18
200.17
200.14
200.12
200.11
200.11
200.09
200.09
200.11
200.13
200.14
200.14
200.13
200.10
200.07
200.04
200.03
200.03
200.02
200.01
200.00
200.00
199.99
199.96
199.95
199.94
199.94
199.94
199.94
199.94
199.92
199.90
time: 10.75686526298523
199.89
199.87
199.87
199.85
199.83
199.83
199.84
199.85
199.85
199.85
199.84
199.85
199.85
199.85
199.84
199.83
199.82
199.80
199.79
199.77
199.74
199.73
199.74
199.72
199.72
199.71
199.70
199.70
199.71
199.73
199.74
199.75
199.76
199.78
199.80
199.81
199.84
199.85
199.86
199.87
199.88
199.91
199.93
199.93
199.94
199.95
199.95
199.95
199.95
199.95
time: 11.28877329826355
199.94
199.95
199.97
200.00
200.01
200.04
200.04
200.05
200.07
200.07
200.08
200.10
200.11
200.11
200.13
200.14
200.14
200.15
200.16
200.16
200.17
200.17
200.19
200.19
200.20
200.20
200.20
200.20
200.21
200.22
200.22
200.20
200.21
200.21
200.22
200.23
200.24
200.26
200.27
200.29
200.31
200.32
200.33
200.33
200.33
200.34
200.36
200.37
200.39
200.42
time: 11.78736424446106
200.43
200.45
200.45
200.46
200.47
200.48
200.50
200.51
200.52
200.52
200.52
200.53
200.53
200.52
200.50
200.45
200.42
200.40
200.38
200.37
200.36
200.35
200.32
200.29
200.28
200.26
200.24
200.22
200.22
200.20
200.20
200.20
200.18
200.17
200.17
200.17
200.15
200.14
200.13
200.11
200.11
200.12
200.13
200.13
200.13
200.11
200.10
200.10
200.10
200.10
time: 12.319268941879272
200.08
200.07
200.05
200.04
200.02
200.01
200.01
200.00
199.99
199.97
199.95
199.94
199.93
199.91
199.90
199.90
199.89
199.90
199.90
199.89
199.89
199.88
199.86
199.86
199.85
199.84
199.82
199.83
199.85
199.85
199.83
199.83
199.81
199.79
199.77
199.72
199.63
199.53
199.44
199.36
199.28
199.23
199.20
199.19
199.19
199.18
199.19
199.20
199.22
199.24
time: 12.818279027938843
199.26
199.27
199.28
199.28
199.29
199.30
199.30
199.31
199.30
199.31
199.31
199.32
199.32
199.34
199.35
199.36
199.37
199.38
199.38
199.37
199.36
199.35
199.35
199.36
199.38
199.39
199.39
199.40
199.40
199.40
199.40
199.41
199.40
199.41
199.39
199.38
199.37
199.35
199.35
199.35
199.33
199.33
199.32
199.30
199.29
199.26
199.23
199.22
199.21
199.19
time: 13.350003719329834
199.18
199.18
199.16
199.16
199.15
199.12
199.10
199.08
199.04
199.03
199.01
199.00
198.99
199.01
199.03
199.04
199.08
199.12
199.14
199.16
199.17
199.17
199.18
199.18
199.17
199.19
199.18
199.20
199.21
199.23
199.24
199.24
199.26
199.27
199.27
199.27
199.26
199.24
199.21
199.20
199.20
199.20
199.21
199.21
199.20
199.18
199.18
199.18
199.18
199.18
time: 13.88184905052185
199.18
199.19
199.19
199.20
199.19
199.19
199.18
199.18
199.19
199.19
199.19
199.17
199.16
199.15
199.13
199.11
199.08
199.05
199.02
199.01
198.98
198.97
198.95
198.94
198.94
198.92
198.92
198.90
198.90
198.90
198.88
198.87
198.87
198.87
198.87
198.88
198.87
198.85
198.83
198.82
198.81
198.79
198.75
198.73
198.69
198.66
198.61
198.57
198.52
198.47
time: 14.380588293075562
198.42
198.39
198.34
198.30
198.27
198.24
198.18
198.12
198.09
198.04
198.01
197.98
197.96
197.92
197.90
197.87
197.84
197.81
197.77
197.71
197.64
197.57
197.49
197.42
197.36
197.28
197.22
197.15
197.08
197.02
196.94
196.87
196.81
196.74
196.65
196.59
196.51
196.45
196.39
196.33
196.26
196.20
196.14
196.08
196.02
195.94
195.89
195.85
195.79
195.74
time: 14.912798643112183
195.70
195.66
195.61
195.54
195.46
195.38
195.32
195.27
195.20
195.15
195.10
195.03
194.97
194.90
194.87
194.83
194.77
194.71
194.62
194.53
194.44
194.34
194.25
194.18
194.11
194.04
193.99
193.93
193.86
193.81
193.75
193.71
193.68
193.66
193.65
193.64
193.62
193.62
193.61
193.59
193.58
193.56
193.56
193.55
193.54
193.54
193.54
193.55
193.56
193.58
time: 15.443923711776733
193.59
193.60
193.62
193.63
193.63
193.63
193.62
193.61
193.60
193.57
193.52
193.40
193.26
193.08
192.92
192.76
192.60
192.47
192.34
192.24
192.13
192.06
192.00
191.98
191.94
191.90
191.88
191.84
191.81
191.78
191.78
191.78
191.77
191.77
191.78
191.75
191.76
191.78
191.77
191.75
191.76
191.77
191.77
191.69
191.67
191.64
191.62
191.61
191.60
191.57
time: 15.942671775817871
191.54
191.52
191.50
191.49
191.45
191.45
191.39
191.35
191.29
191.25
191.21
191.19
191.17
191.17
191.14
191.13
191.09
191.04
191.02
191.01
191.00
190.99
190.97
190.93
190.87
190.85
190.85
190.84
190.82
190.80
190.77
190.77
190.76
190.76
190.75
190.73
190.70
190.69
190.62
190.60
190.58
190.57
190.55
190.55
190.53
190.52
190.51
190.52
190.51
190.52
time: 16.474419832229614
190.51
190.51
190.51
190.54
190.56
190.58
190.61
190.63
190.66
190.67
190.69
190.66
190.69
190.70
190.71
190.72
190.73
190.76
190.78
190.82
190.87
190.91
190.95
191.00
191.07
191.16
191.26
191.33
191.38
191.41
191.40
191.39
191.35
191.31
191.24
191.14
191.02
190.91
190.79
190.67
190.60
190.55
190.47
190.39
190.31
190.19
190.09
189.97
189.94
189.88
time: 16.974008560180664
189.77
189.63
189.51
189.44
189.40
189.36
189.30
189.26
189.26
189.23
189.18
189.05
188.97
188.90
188.88
188.85
188.80
188.81
188.84
188.81
188.85
188.85
188.84
188.81
188.79
188.76
188.74
188.76
188.73
188.69
188.64
188.57
188.55
188.58
188.63
188.71
188.76
188.82
188.79
188.87
188.92
188.97
189.05
189.13
189.26
189.36
189.42
189.53
189.62
189.78
time: 17.50550365447998
189.96
190.13
190.29
190.45
190.70
190.93
191.27
191.59
191.88
192.25
192.64
193.04
193.48
193.94
194.44
194.99
195.55
196.15
196.75
197.34
197.87
198.37
198.82
199.28
199.71
200.17
200.61
201.05
201.54
202.04
202.53
202.99
203.47
203.94
204.42
204.89
205.39
205.91
206.44
206.95
207.49
208.03
208.60
209.19
209.79
210.42
211.08
211.73
212.36
213.01
time: 18.03745722770691
213.68
214.35
215.02
215.68
216.23
216.92
217.49
218.17
218.80
219.41
220.01
220.59
221.17
221.75
222.33
222.93
223.49
224.03
224.60
225.18
225.73
226.25
226.75
227.27
227.79
228.29
228.81
229.32
229.84
230.38
230.92
231.45
231.97
232.52
233.09
233.65
234.21
234.74
235.26
235.78
236.31
236.85
237.41
237.98
238.53
239.07
239.58
240.05
240.48
240.90
time: 18.536437034606934
241.33
241.74
242.15
242.54
242.89
243.30
243.60
243.97
244.31
244.64
244.96
245.29
245.62
245.95
246.25
246.53
246.80
247.06
247.32
247.58
247.87
248.15
248.46
248.74
249.02
249.30
249.54
249.79
250.03
250.25
250.45
250.63
250.78
250.91
251.06
251.21
251.34
251.44
251.50
251.53
251.55
251.57
251.62
251.68
251.73
251.76
251.76
251.74
251.68
251.63
time: 19.06743574142456
251.58
251.53
251.49
251.47
251.43
251.39
251.32
251.28
251.23
251.19
251.13
251.08
251.04
250.99
250.92
250.88
250.83
250.78
250.74
250.73
250.73
250.74
250.74
250.74
250.77
250.80
250.85
250.90
250.94
251.00
251.06
251.13
251.20
251.27
251.34
251.41
251.49
251.60
251.71
251.81
251.93
252.06
252.20
252.32
252.42
252.54
252.65
252.76
252.91
253.10
time: 19.59981346130371
253.26
253.37
253.46
253.53
253.56
253.61
253.64
253.66
253.68
253.69
253.71
253.74
253.77
253.83
253.93
254.04
254.05
254.07
254.03
253.99
253.96
253.93
253.87
253.83
253.79
253.74
253.69
253.66
253.63
253.59
253.56
253.54
253.52
253.49
253.46
253.45
253.44
253.42
253.41
253.40
253.39
253.39
253.40
253.40
253.41
253.41
253.42
253.42
253.43
253.44
time: 20.098750829696655
253.44
253.46
253.47
253.48
253.50
253.52
253.53
253.55
253.56
253.57
253.58
253.59
253.59
253.60
253.61
253.61
253.59
253.59
253.58
253.59
253.59
253.59
253.60
253.60
253.60
253.60
253.60
253.60
253.60
253.61
253.61
253.62
253.62
253.62
253.63
253.64
253.66
253.66
253.67
253.68
253.69
253.71
253.71
253.72
253.72
253.72
253.71
253.71
253.71
253.71
time: 20.630512237548828
253.71
253.71
253.70
253.70
253.69
253.68
253.67
253.66
253.66
253.66
253.65
253.65
253.64
253.64
253.63
253.63
253.63
253.64
253.63
253.63
253.63
253.63
253.63
253.62
253.62
253.62
253.61
253.61
253.61
253.60
253.61
253.60
253.60
253.59
253.57
253.57
253.57
253.57
253.58
253.57
253.56
253.55
253.55
253.55
253.55
253.55
253.56
253.55
253.55
253.56
time: 21.12944793701172
253.56
253.56
253.55
253.55
253.54
253.54
253.54
253.53
253.53
253.52
253.52
253.51
253.51
253.51
253.51
253.51
253.50
253.48
253.48
253.47
253.47
253.46
253.45
253.44
253.44
253.44
253.43
253.41
253.41
253.41
253.41
253.41
253.39
253.39
253.39
253.39
253.38
253.38
253.37
253.38
253.38
253.38
253.37
253.37
253.37
253.36
253.36
253.35
253.34
253.33
time: 21.66109609603882
253.32
253.31
253.30
253.29
253.27
253.27
253.27
253.27
253.27
253.27
253.27
253.26
253.25
253.25
253.25
253.24
253.23
253.23
253.21
253.21
253.21
253.20
253.21
253.21
253.22
253.22
253.21
253.20
253.21
253.21
253.22
253.23
253.23
253.23
253.23
253.22
253.22
253.23
253.23
253.23
253.24
253.26
253.28
253.29
253.31
253.34
253.36
253.39
253.41
253.44
time: 22.192840814590454
253.46
253.49
253.52
253.55
253.57
253.60
253.63
253.67
253.70
253.74
253.77
253.80
253.83
253.85
253.86
253.85
253.83
253.81
253.78
253.75
253.71
253.68
253.64
253.62
253.58
253.55
253.51
253.46
253.41
253.36
253.30
253.26
253.21
253.16
253.12
253.08
253.03
252.98
252.93
252.87
252.83
252.78
252.73
252.68
252.62
252.56
252.51
252.46
252.42
252.38
time: 22.691328763961792
252.34
252.29
252.23
252.18
252.12
252.08
252.04
251.99
251.94
251.88
251.81
251.76
251.70
251.66
251.60
251.55
251.51
251.45
251.40
251.36
251.32
251.29
251.28
251.28
251.29
251.30
251.31
251.31
251.31
251.33
251.36
251.39
251.42
251.44
251.47
251.50
251.53
251.56
251.58
251.59
251.61
251.64
251.67
251.69
251.72
251.73
251.75
251.76
251.76
251.77
time: 23.2230327129364
251.78
251.78
251.79
251.79
251.79
251.77
251.76
251.73
251.72
251.71
251.69
251.68
251.67
251.66
251.64
251.63
251.62
251.62
251.61
251.61
251.60
251.59
251.59
251.59
251.59
251.60
251.61
251.62
251.62
251.63
251.63
251.64
251.66
251.66
251.68
251.69
251.71
251.72
251.74
251.76
251.77
251.79
251.81
251.82
251.82
251.83
251.83
251.84
251.84
251.85
time: 23.75540804862976
251.85
251.85
251.86
251.86
251.88
251.89
251.88
251.88
251.87
251.87
251.87
251.87
251.86
251.85
251.84
251.83
251.82
251.81
251.80
251.80
251.80
251.80
251.79
251.78
251.77
251.78
251.78
251.80
251.81
251.81
251.82
251.82
251.83
251.83
251.84
251.85
251.86
251.87
251.88
251.88
251.88
251.88
251.88
251.89
251.89
251.88
251.89
251.89
251.88
251.87
time: 24.25386095046997
251.87
251.86
251.85
251.84
251.84
251.84
251.83
251.84
251.83
251.83
251.82
251.82
251.82
251.82
251.81
251.80
251.80
251.79
251.78
251.77
251.76
251.75
251.74
251.73
251.74
251.74
251.74
251.74
251.73
251.74
251.75
251.75
251.75
251.75
251.75
251.76
251.76
251.77
251.78
251.79
251.80
251.80
251.80
251.80
251.81
251.82
251.83
251.83
251.83
251.83
time: 24.785746812820435
251.83
251.84
251.85
251.86
251.86
251.86
251.87
251.87
251.88
251.88
251.88
251.88
251.88
251.88
251.88
251.88
251.87
251.86
251.85
251.84
251.83
251.81
251.80
251.79
251.78
251.76
251.74
251.70
251.67
251.65
251.63
251.62
251.60
251.58
251.55
251.53
251.51
251.49
251.46
251.42
251.38
251.34
251.31
251.29
251.26
251.24
251.21
251.19
251.17
251.15
time: 25.284595727920532
251.11
251.09
251.06
251.04
251.02
251.01
251.00
250.98
250.96
250.96
250.95
250.99
250.99
250.96
250.91
250.90
250.89
250.88
250.87
250.86
250.84
250.83
250.82
250.81
250.79
250.79
250.78
250.76
250.76
250.75
250.74
250.74
250.74
250.75
250.77
250.79
250.82
250.85
250.87
250.86
250.86
250.84
250.82
250.81
250.79
250.79
250.79
250.78
250.79
250.79
time: 25.816614866256714
250.79
250.78
250.77
250.75
250.73
250.71
250.69
250.68
250.67
250.66
250.66
250.67
250.67
250.68
250.69
250.68
250.68
250.67
250.67
250.65
250.64
250.63
250.60
250.59
250.58
250.58
250.59
250.60
250.62
250.63
250.63
250.62
250.60
250.60
250.60
250.60
250.59
250.59
250.60
250.60
250.62
250.64
250.65
250.67
250.68
250.69
250.72
250.75
250.76
250.78
time: 26.348278522491455
250.78
250.80
250.80
250.80
250.80
250.81
250.79
250.79
250.78
250.78
250.78
250.78
250.79
250.80
250.80
250.79
250.79
250.78
250.77
250.77
250.77
250.76
250.76
250.75
250.74
250.72
250.72
250.71
250.71
250.71
250.72
250.72
250.71
250.71
250.71
250.71
250.71
250.70
250.68
250.66
250.64
250.62
250.59
250.56
250.54
250.49
250.46
250.45
250.45
250.47
time: 26.847244262695312
250.48
250.48
250.49
250.49
250.48
250.46
250.45
250.44
250.43
250.40
250.37
250.35
250.34
250.34
250.34
250.33
250.32
250.30
250.28
250.29
250.30
250.29
250.28
250.25
250.23
250.22
250.21
250.18
250.17
250.16
250.16
250.16
250.16
250.16
250.17
250.18
250.19
250.17
250.17
250.16
250.16
250.15
250.14
250.14
250.15
250.16
250.15
250.14
250.13
250.13
time: 27.378790378570557
250.14
250.14
250.15
250.17
250.17
250.19
250.20
250.23
250.25
250.28
250.30
250.31
250.33
250.34
250.35
250.37
250.37
250.35
250.33
250.32
250.32
250.32
250.30
250.26
250.20
250.16
250.11
250.08
250.05
250.01
249.99
249.99
249.99
250.01
250.03
250.04
250.05
250.06
250.07
250.07
250.10
250.12
250.15
250.15
250.14
250.13
250.12
250.10
250.09
250.10
time: 27.910888671875
250.14
250.19
250.28
250.39
250.52
250.67
250.80
250.90
250.98
251.06
251.15
251.25
251.50
251.49
251.59
251.70
251.81
251.92
252.07
252.17
252.30
252.41
252.50
252.57
252.63
252.71
252.83
252.94
253.02
253.09
253.17
253.24
253.31
253.37
253.42
253.47
253.53
253.59
253.63
253.67
253.69
253.71
253.73
253.74
253.75
253.74
253.72
253.70
253.69
253.69
time: 28.409791469573975
253.68
253.68
253.69
253.68
253.64
253.59
253.54
253.51
253.49
253.47
253.44
253.41
253.37
253.32
253.27
253.20
253.13
253.06
252.98
252.94
252.90
252.87
252.82
252.77
252.74
252.70
252.67
252.63
252.58
252.54
252.50
252.45
252.41
252.38
252.35
252.32
252.30
252.28
252.25
252.24
252.23
252.23
252.22
252.23
252.24
252.24
252.25
252.26
252.26
252.27
time: 28.94143509864807
252.29
252.32
252.34
252.37
252.38
252.39
252.40
252.41
252.44
252.47
252.49
252.50
252.50
252.50
252.50
252.51
252.52
252.53
252.53
252.53
252.52
252.50
252.47
252.45
252.46
252.46
252.46
252.45
252.45
252.44
252.42
252.42
252.40
252.40
252.40
252.39
252.38
252.36
252.36
252.36
252.36
252.35
252.35
252.34
252.33
252.33
252.33
252.34
252.33
252.33
time: 29.440203189849854
252.34
252.34
252.32
252.31
252.29
252.29
252.30
252.29
252.28
252.27
252.28
252.28
252.30
252.30
252.30
252.31
252.33
252.35
252.38
252.41
252.46
252.50
252.56
252.63
252.68
252.74
252.80
252.84
252.89
252.92
252.97
253.01
253.05
253.07
253.10
253.12
253.13
253.14
253.16
253.16
253.17
253.18
253.18
253.18
253.19
253.20
253.20
253.20
253.19
253.19
time: 29.972022533416748
253.18
253.18
253.17
253.18
253.18
253.18
253.19
253.18
253.19
253.18
253.18
253.17
253.18
253.18
253.18
253.18
253.19
253.21
253.22
253.23
253.24
253.24
253.24
253.22
253.22
253.21
253.20
253.20
253.19
253.19
253.19
253.19
253.18
253.18
253.17
253.16
253.14
253.14
253.14
253.13
253.13
253.12
253.12
253.12
253.12
253.11
253.11
253.11
253.11
253.12
time: 30.503843545913696
253.14
253.16
253.20
253.24
253.28
253.31
253.32
253.34
253.34
253.34
253.34
253.35
253.37
253.37
253.37
253.36
253.38
253.39
253.39
253.40
253.40
253.39
253.41
253.43
253.46
253.50
253.55
253.59
253.61
253.61
253.55
253.50
253.44
253.38
253.28
253.19
253.10
253.03
252.97
252.87
252.77
252.69
252.61
252.52
252.41
252.29
252.19
252.12
252.01
251.86
time: 31.002492666244507
251.68
251.49
251.31
251.14
250.97
250.77
250.60
250.44
250.27
250.08
249.84
249.58
249.30
249.01
248.71
248.43
248.15
247.87
247.59
247.28
247.01
246.66
246.37
246.00
245.65
245.29
244.90
244.51
244.12
243.71
243.29
242.82
242.33
241.85
241.35
240.84
240.32
239.81
239.27
238.75
238.19
237.66
237.11
236.56
235.99
235.44
234.90
234.38
233.84
233.26
time: 31.534374952316284
232.67
232.09
231.46
230.83
230.18
229.50
228.81
228.13
227.45
226.79
226.13
225.44
224.75
224.06
223.38
222.68
221.94
221.22
220.53
219.83
219.23
218.51
217.91
217.14
216.41
215.69
215.00
214.27
213.54
212.84
212.11
211.37
210.61
209.85
209.05
208.23
207.42
206.65
205.84
205.07
204.37
203.76
203.20
202.64
202.12
201.57
201.05
200.50
199.92
199.37
time: 32.06620168685913
198.81
198.25
197.74
197.28
196.83
196.39
195.98
195.62
195.31
195.00
194.69
194.39
194.09
193.77
193.45
193.11
192.75
192.37
191.97
191.63
191.40
191.12
190.93
190.73
190.59
190.46
190.36
190.36
190.42
190.42
190.40
190.38
190.38
190.37
190.33
190.26
190.18
190.10
190.03
189.94
189.84
189.69
189.53
189.35
189.13
188.88
188.64
188.39
188.08
187.79
time: 32.56487989425659
187.45
187.10
186.74
186.42
186.15
185.85
185.54
185.25
185.02
184.82
184.60
184.49
184.42
184.38
184.38
184.40
184.43
184.45
184.47
184.42
184.39
184.37
184.34
184.31
184.27
184.21
184.17
184.13
184.04
183.95
183.80
183.65
183.57
183.53
183.48
183.46
183.43
183.41
183.47
183.53
183.57
183.62
183.58
183.60
183.59
183.61
183.63
183.64
183.65
183.57
time: 33.09695839881897
183.53
183.43
183.36
183.38
183.38
183.32
183.35
183.34
183.29
183.20
183.12
182.91
182.74
182.58
182.34
182.08
181.86
181.68
181.45
181.25
181.12
181.11
181.04
181.07
181.12
181.18
181.21
181.27
181.35
181.42
181.52
181.58
181.70
181.75
181.81
181.78
181.77
181.75
181.64
181.63
181.57
181.51
181.49
181.45
181.41
181.27
181.27
181.28
181.32
181.34
time: 33.59571194648743
181.37
181.41
181.41
181.43
181.48
181.56
181.56
181.63
181.68
181.68
181.63
181.46
181.35
181.37
181.37
181.38
181.37
181.39
181.45
181.53
181.63
181.74
181.84
181.91
181.93
181.99
182.00
181.99
182.03
182.11
182.23
182.32
182.46
182.60
182.76
182.95
183.14
183.33
183.51
183.68
183.85
184.03
184.24
184.43
184.61
184.79
184.97
185.16
185.33
185.48
time: 34.127546072006226
185.61
185.73
185.81
185.87
185.95
186.02
186.05
186.09
186.12
186.17
186.21
186.29
186.39
186.48
186.49
186.55
186.63
186.66
186.74
186.82
186.90
186.95
187.00
187.02
187.05
187.07
187.08
187.05
187.03
187.02
187.00
187.01
187.02
187.00
186.99
186.91
186.88
186.81
186.80
186.77
186.72
186.61
186.52
186.49
186.44
186.42
186.35
186.28
186.24
186.14
time: 34.659279108047485
186.05
186.00
185.92
185.86
185.75
185.65
185.53
185.46
185.34
185.32
185.29
185.26
185.22
185.14
185.08
185.00
184.94
184.88
184.81
184.71
184.67
184.58
184.47
184.40
184.35
184.34
184.30
184.29
184.24
184.24
184.21
184.20
184.16
184.17
184.12
184.18
184.21
184.23
184.30
184.34
184.39
184.41
184.48
184.53
184.59
184.64
184.67
184.66
184.67
184.68
time: 35.15782356262207
184.68
184.66
184.62
184.44
184.33
184.17
183.93
183.62
183.45
183.22
182.95
182.83
182.74
182.64
182.49
182.52
182.58
182.67
182.76
182.79
182.77
182.75
182.74
182.70
182.66
182.62
182.57
182.55
182.51
182.48
182.48
182.48
182.48
182.57
182.61
182.65
182.64
182.67
182.67
182.67
182.66
182.64
182.62
182.60
182.57
182.51
182.44
182.40
182.38
182.33
time: 35.690211057662964
182.36
182.41
182.46
182.57
182.64
182.75
182.85
182.92
182.94
182.94
182.94
182.95
183.00
183.06
183.11
183.14
183.16
183.16
183.08
182.99
182.80
182.78
182.76
182.70
182.66
182.69
182.72
182.77
182.80
182.85
182.91
182.97
183.01
183.06
183.09
183.13
183.19
183.21
183.25
183.26
183.35
183.44
183.52
183.59
183.64
183.66
183.71
183.74
183.80
183.80
time: 36.22177982330322
183.83
183.83
183.88
183.94
183.96
183.98
184.01
184.06
184.12
184.18
184.22
184.27
184.28
184.32
184.26
184.27
184.27
184.27
184.30
184.31
184.36
184.40
184.44
184.50
184.54
184.60
184.64
184.68
184.74
184.77
184.79
184.82
184.83
184.86
184.90
184.93
184.97
185.01
185.05
185.10
185.12
185.13
185.11
185.08
185.11
185.07
185.06
185.11
185.16
185.18
time: 36.720425605773926
185.17
185.17
185.18
185.21
185.21
185.24
185.31
185.35
185.40
185.46
185.50
185.51
185.57
185.64
185.71
185.75
185.81
185.82
185.79
185.81
185.86
185.83
185.88
185.86
185.87
185.87
185.86
185.86
185.84
185.81
185.83
185.88
185.90
185.96
185.99
185.99
186.02
186.07
186.12
186.18
186.23
186.28
186.31
186.33
186.30
186.29
186.26
186.24
186.22
186.27
time: 37.25240445137024
186.36
186.47
186.56
186.63
186.69
186.76
186.78
186.83
186.89
186.94
186.96
186.96
186.98
186.97
186.95
186.96
186.98
187.04
187.06
187.10
187.14
187.19
187.24
187.30
187.34
187.34
187.34
187.38
187.42
187.43
187.47
187.47
187.48
187.50
187.53
187.56
187.59
187.62
187.64
187.69
187.69
187.67
187.71
187.73
187.75
187.78
187.81
187.83
187.84
187.86
time: 37.75116229057312
187.89
187.92
187.94
187.96
187.97
187.97
187.99
188.02
188.03
188.05
188.05
188.07
188.09
188.11
188.12
188.13
188.16
188.16
188.18
188.17
188.15
188.13
188.14
188.13
188.17
188.21
188.24
188.27
188.32
188.35
188.35
188.37
188.40
188.40
188.42
188.43
188.44
188.46
188.43
188.42
188.45
188.50
188.52
188.58
188.62
188.66
188.68
188.71
188.73
188.75
time: 38.28243851661682
188.75
188.73
188.74
188.76
188.79
188.81
188.84
188.85
188.88
188.88
188.91
188.91
188.93
188.95
188.95
188.96
188.94
188.95
188.95
188.92
188.88
188.89
188.90
188.92
188.94
189.01
189.06
189.12
189.16
189.19
189.21
189.20
189.16
189.07
189.01
188.97
188.96
188.92
188.92
188.95
188.94
188.98
189.01
189.05
189.07
189.08
189.08
189.06
189.01
188.95
time: 38.81490230560303
188.89
188.80
188.67
188.56
188.45
188.34
188.27
188.24
188.24
188.28
188.33
188.40
188.43
188.45
188.46
188.45
188.37
188.31
188.19
188.10
188.05
188.00
187.93
187.92
187.90
187.89
187.82
187.79
187.75
187.70
187.62
187.55
187.46
187.43
187.40
187.39
187.35
187.34
187.34
187.34
187.33
187.33
187.30
187.32
187.32
187.31
187.32
187.29
187.28
187.27
time: 39.31353688240051
187.24
187.23
187.18
187.18
187.19
187.16
187.17
187.16
187.17
187.18
187.20
187.19
187.17
187.18
187.22
187.25
187.30
187.33
187.34
187.35
187.38
187.36
187.37
187.38
187.42
187.47
187.51
187.48
187.51
187.54
187.55
187.58
187.58
187.60
187.61
187.62
187.63
187.64
187.65
187.67
187.68
187.71
187.72
187.72
187.73
187.74
187.73
187.72
187.66
187.66
time: 39.84572219848633
187.66
187.66
187.66
187.69
187.72
187.75
187.75
187.78
187.80
187.85
187.89
187.90
187.93
187.95
187.97
187.96
187.92
187.93
187.93
187.96
187.99
187.99
188.00
188.02
188.03
188.05
188.09
188.12
188.13
188.17
188.19
188.22
188.23
188.28
188.31
188.35
188.37
188.42
188.46
188.53
188.59
188.64
188.70
188.78
188.85
188.89
188.93
188.95
188.96
188.98
time: 40.377201080322266
189.02
189.06
189.10
189.10
189.10
189.14
189.18
189.20
189.23
189.27
189.29
189.32
189.34
189.35
189.36
189.40
189.41
189.40
189.43
189.46
189.48
189.49
189.53
189.55
189.56
189.59
189.60
189.62
189.63
189.66
189.68
189.69
189.70
189.70
189.71
189.72
189.73
189.76
189.77
189.78
189.77
189.74
189.76
189.76
189.77
189.77
189.77
189.76
189.78
189.76
time: 40.87621021270752
189.75
189.74
189.76
189.77
189.77
189.76
189.76
189.75
189.74
189.71
189.70
189.67
189.66
189.69
189.69
189.68
189.66
189.64
189.63
189.64
189.63
189.60
189.57
189.51
189.50
189.51
189.52
189.51
189.49
189.47
189.43
189.39
189.37
189.35
189.31
189.29
189.26
189.27
189.23
189.19
189.18
189.18
189.16
189.15
189.16
189.17
189.17
189.18
189.18
189.17
time: 41.40803551673889
189.19
189.20
189.17
189.13
189.08
189.06
189.05
189.02
189.00
189.01
189.00
189.00
188.98
188.96
188.95
188.95
188.93
188.93
188.89
188.86
188.82
188.78
188.76
188.72
188.67
188.64
188.62
188.59
188.59
188.55
188.54
188.55
188.56
188.50
188.45
188.41
188.38
188.36
188.40
188.41
188.42
188.42
188.43
188.46
188.48
188.48
188.46
188.47
188.46
188.47
time: 41.90687298774719
188.47
188.48
188.49
188.51
188.52
188.51
188.51
188.51
188.50
188.47
188.47
188.44
188.40
188.39
188.39
188.35
188.35
188.35
188.36
188.38
188.41
188.42
188.46
188.48
188.49
188.48
188.48
188.49
188.52
188.54
188.54
188.55
188.58
188.61
188.64
188.66
188.69
188.71
188.74
188.77
188.79
188.82
188.85
188.86
188.87
188.89
188.90
188.90
188.92
188.93
time: 42.43816423416138
188.93
188.92
188.90
188.89
188.87
188.89
188.90
188.91
188.95
188.98
189.00
188.98
188.95
188.92
188.90
188.86
188.85
188.80
188.78
188.76
188.75
188.74
188.75
188.77
188.78
188.79
188.79
188.80
188.79
188.78
188.76
188.76
188.76
188.76
188.77
188.77
188.76
188.75
188.74
188.72
188.66
188.61
188.57
188.49
188.43
188.37
188.28
188.25
188.18
188.11
time: 42.970014572143555
188.04
188.00
187.94
187.89
187.81
187.73
187.69
187.63
187.57
187.53
187.48
187.39
187.32
187.29
187.26
187.21
187.20
187.13
187.05
186.90
186.79
186.69
186.59
186.45
186.31
186.20
186.12
186.02
185.92
185.82
185.76
185.66
185.55
185.49
185.42
185.38
185.33
185.27
185.20
185.11
184.93
184.81
184.66
184.53
184.45
184.36
184.19
184.03
183.85
183.70
time: 43.469284772872925
183.46
183.34
183.25
183.19
183.08
183.03
183.01
182.80
182.72
182.66
182.59
182.52
182.41
182.40
182.35
182.32
182.27
182.20
182.17
182.10
182.01
181.85
181.75
181.64
181.58
181.49
181.47
181.40
181.35
181.29
181.17
181.14
181.04
181.03
181.05
181.04
181.03
181.01
181.02
181.01
180.97
180.92
180.97
181.00
180.94
180.96
180.96
180.94
180.96
180.96
time: 44.000818729400635
181.12
181.20
181.28
181.35
181.38
181.46
181.41
181.30
181.06
180.84
180.76
180.70
180.58
180.58
180.56
180.53
180.52
180.51
180.53
180.44
180.41
180.33
180.24
180.09
180.02
180.00
180.03
180.03
180.11
180.22
180.29
180.32
180.30
180.27
180.19
180.23
180.21
180.22
180.28
180.32
180.38
180.40
180.40
180.47
180.53
180.57
180.61
180.67
180.67
180.75
time: 44.53255009651184
180.82
180.80
180.81
180.71
180.61
180.57
180.33
180.21
180.14
180.11
179.93
179.94
180.03
180.12
180.26
180.43
180.61
180.74
180.86
180.91
180.99
181.05
181.25
181.46
181.66
181.86
182.10
182.38
182.58
182.81
183.06
183.34
183.60
183.83
184.06
184.26
184.48
184.66
184.74
184.95
185.13
185.33
185.57
185.85
186.13
186.38
186.67
186.97
187.30
187.63
time: 45.03145384788513
