90.33
90.72
91.24
91.74
92.24
92.66
93.17
93.67
94.17
94.59
95.09
95.59
96.00
96.49
96.98
97.47
97.88
98.37
98.86
99.35
99.76
100.24
100.72
101.20
101.61
102.09
102.56
103.17
103.81
104.44
105.07
105.70
106.33
106.95
107.58
108.20
108.82
109.43
109.97
110.65
111.27
111.88
112.48
113.08
113.68
114.28
114.87
115.46
116.05
116.64
time: 4.539211750030518
117.22
117.80
118.38
118.96
119.54
120.12
120.64
121.27
121.85
122.41
122.97
123.52
124.08
124.63
125.18
125.73
126.27
126.81
127.35
127.88
128.41
128.93
129.45
129.97
130.43
130.99
131.51
132.02
132.53
133.04
133.55
134.05
134.55
135.06
135.55
136.05
136.54
137.03
137.52
138.00
138.48
138.96
139.38
139.91
140.40
140.87
141.34
141.82
142.28
142.74
time: 5.038216590881348
143.21
143.67
144.12
144.58
145.04
145.49
145.93
146.38
146.82
147.26
147.64
148.12
148.55
148.98
149.40
149.82
150.24
150.66
151.08
151.49
151.90
152.31
152.71
153.12
153.52
153.91
154.31
154.70
155.09
155.44
155.86
156.25
156.64
157.02
157.40
157.78
158.15
158.52
158.88
159.25
159.61
159.97
160.31
160.67
161.03
161.38
161.74
162.05
162.43
162.78
time: 5.570070028305054
163.12
163.45
163.78
164.11
164.43
164.76
165.08
165.39
165.70
166.01
166.31
166.61
166.91
167.21
167.51
167.81
168.07
168.39
168.69
168.97
169.25
169.52
169.78
170.04
170.30
170.56
170.81
171.06
171.30
171.54
171.78
172.03
172.27
172.50
172.71
172.96
173.19
173.42
173.64
173.86
174.08
174.29
174.50
174.71
174.91
175.11
175.31
175.50
175.69
175.88
time: 6.102135181427002
176.06
176.24
176.39
176.58
176.74
176.90
177.06
177.21
177.36
177.51
177.66
177.80
177.94
178.08
178.22
178.36
178.49
178.61
178.73
178.86
178.97
179.10
179.22
179.33
179.44
179.53
179.62
179.71
179.81
179.90
179.99
180.09
180.18
180.26
180.33
180.40
180.48
180.56
180.62
180.69
180.75
180.81
180.86
180.91
180.96
181.01
181.05
181.10
181.14
181.17
time: 6.600834846496582
181.15
181.12
181.12
181.17
181.26
181.35
181.42
181.49
181.56
181.63
181.71
181.77
181.82
181.88
181.94
182.00
182.06
182.13
182.19
182.26
182.33
182.37
182.42
182.44
182.47
182.49
182.50
182.49
182.49
182.49
182.47
182.44
182.42
182.40
182.39
182.38
182.33
182.26
182.24
182.20
182.19
182.20
182.22
182.21
182.22
182.26
182.28
182.31
182.34
182.36
time: 7.133107900619507
182.38
182.41
182.44
182.47
182.49
182.51
182.53
182.57
182.61
182.66
182.71
182.77
182.82
182.87
182.92
182.95
182.97
182.98
183.01
183.07
183.11
183.14
183.15
183.16
183.16
183.16
183.16
183.17
183.17
183.16
183.13
183.10
183.05
183.00
182.97
182.96
182.95
182.92
182.87
182.82
182.77
182.76
182.75
182.73
182.72
182.71
182.72
182.72
182.73
182.73
time: 7.632697105407715
182.71
182.69
182.67
182.65
182.63
182.62
182.63
182.64
182.63
182.62
182.63
182.63
182.64
182.63
182.63
182.63
182.63
182.62
182.62
182.63
182.64
182.63
182.64
182.64
182.62
182.62
182.61
182.62
182.60
182.60
182.59
182.59
182.59
182.59
182.59
182.59
182.59
182.60
182.61
182.61
182.60
182.60
182.60
182.60
182.59
182.59
182.58
182.55
182.53
182.50
time: 8.163838624954224
182.48
182.47
182.45
182.44
182.42
182.37
182.34
182.31
182.29
182.27
182.23
182.14
182.19
182.22
182.23
182.22
182.19
182.17
182.15
182.14
182.15
182.15
182.13
182.13
182.13
182.14
182.16
182.17
182.19
182.21
182.22
182.23
182.24
182.27
182.29
182.30
182.31
182.31
182.31
182.32
182.32
182.33
182.34
182.35
182.35
182.35
182.35
182.34
182.34
182.35
time: 8.695685863494873
182.35
182.34
182.31
182.28
182.26
182.25
182.24
182.25
182.23
182.22
182.21
182.17
182.12
182.11
182.10
182.08
182.05
182.01
181.99
181.96
181.95
181.92
181.89
181.87
181.85
181.83
181.81
181.80
181.79
181.77
181.76
181.76
181.76
181.75
181.75
181.74
181.73
181.72
181.72
181.72
181.72
181.73
181.74
181.74
181.75
181.77
181.77
181.77
181.76
181.77
time: 9.195655822753906
181.77
181.78
181.79
181.81
181.82
181.83
181.85
181.86
181.89
181.90
181.90
181.92
181.93
181.96
181.97
181.97
181.99
182.01
182.02
182.03
182.04
182.04
182.05
182.07
182.08
182.09
182.10
182.11
182.13
182.14
182.14
182.14
182.15
182.15
182.15
182.14
182.14
182.15
182.13
182.12
182.11
182.10
182.08
182.08
182.08
182.08
182.08
182.08
182.08
182.08
time: 9.72745394706726
182.09
182.09
182.10
182.10
182.11
182.14
182.14
182.15
182.17
182.19
182.21
182.21
182.22
182.22
182.22
182.23
182.24
182.25
182.28
182.29
182.30
182.32
182.34
182.35
182.37
182.36
182.37
182.39
182.40
182.41
182.42
182.43
182.45
182.47
182.49
182.49
182.48
182.48
182.48
182.48
182.48
182.47
182.47
182.47
182.46
182.44
182.43
182.42
182.42
182.43
time: 10.258467197418213
182.44
182.45
182.44
182.43
182.41
182.41
182.41
182.41
182.40
182.42
182.41
182.41
182.41
182.42
182.42
182.43
182.43
182.43
182.43
182.42
182.42
182.43
182.43
182.43
182.42
182.42
182.41
182.42
182.42
182.41
182.41
182.40
182.40
182.40
182.40
182.40
182.41
182.41
182.41
182.41
182.40
182.41
182.41
182.41
182.41
182.40
182.39
182.37
182.36
182.36
time: 10.759451866149902
182.37
182.37
182.37
182.36
182.36
182.36
182.35
182.35
182.36
182.35
182.37
182.37
182.36
182.38
182.38
182.39
182.39
182.39
182.38
182.37
182.36
182.35
182.35
182.33
182.32
182.32
182.31
182.29
182.29
182.30
182.29
182.29
182.29
182.28
182.28
182.27
182.26
182.25
182.25
182.24
182.23
182.22
182.21
182.20
182.20
182.20
182.20
182.20
182.18
182.18
time: 11.29169750213623
182.17
182.16
182.15
182.15
182.14
182.13
182.12
182.12
182.11
182.10
182.07
182.06
182.04
182.03
182.01
182.00
182.01
182.00
182.00
181.98
181.98
181.99
181.99
182.01
182.02
182.02
182.02
182.02
182.01
181.99
181.99
181.98
181.97
181.96
181.94
181.92
181.91
181.90
181.87
181.87
181.85
181.85
181.85
181.84
181.84
181.85
181.86
181.86
181.86
181.87
time: 11.788723468780518
181.88
181.88
181.87
181.87
181.87
181.88
181.89
181.90
181.89
181.89
181.89
181.87
181.87
181.87
181.86
181.85
181.85
181.86
181.86
181.86
181.86
181.85
181.84
181.84
181.83
181.82
181.82
181.81
181.80
181.81
181.79
181.79
181.80
181.81
181.81
181.82
181.83
181.83
181.84
181.86
181.87
181.88
181.89
181.91
181.93
181.94
181.95
181.96
181.97
181.99
time: 12.322454690933228
182.00
182.00
182.00
181.99
181.98
181.96
181.95
181.95
181.94
181.94
181.94
181.94
181.93
181.93
181.92
181.92
181.92
181.93
181.94
181.95
181.97
181.96
181.96
181.97
181.97
181.97
181.98
181.98
181.97
181.97
181.96
181.94
181.93
181.92
181.92
181.92
181.91
181.90
181.89
181.88
181.87
181.86
181.87
181.89
181.93
181.96
181.97
181.98
181.97
181.96
time: 12.853817462921143
181.95
181.94
181.93
181.92
181.91
181.90
181.88
181.86
181.85
181.85
181.83
181.82
181.82
181.83
181.83
181.83
181.84
181.86
181.87
181.88
181.90
181.91
181.92
181.92
181.93
181.93
181.92
181.92
181.91
181.89
181.87
181.84
181.82
181.79
181.77
181.76
181.73
181.70
181.67
181.64
181.60
181.56
181.52
181.49
181.47
181.44
181.40
181.36
181.31
181.27
time: 13.352953672409058
181.22
181.19
181.14
181.11
181.06
181.02
180.99
180.96
180.93
180.90
180.88
180.88
180.87
180.86
180.85
180.84
180.83
180.84
180.85
180.87
180.90
180.90
180.89
180.86
180.84
180.82
180.77
180.70
180.60
180.52
180.46
180.43
180.40
180.41
180.41
180.42
180.43
180.44
180.44
180.46
180.47
180.48
180.50
180.51
180.51
180.50
180.49
180.47
180.46
180.45
time: 13.884875774383545
180.42
180.39
180.35
180.33
180.30
180.27
180.25
180.22
180.20
180.17
180.14
180.09
180.07
180.04
180.01
179.96
179.93
179.88
179.84
179.80
179.77
179.74
179.71
179.70
179.68
179.66
179.65
179.66
179.66
179.67
179.65
179.66
179.67
179.66
179.65
179.65
179.65
179.65
179.62
179.60
179.57
179.55
179.52
179.51
179.50
179.45
179.42
179.38
179.34
179.31
time: 14.416569948196411
179.28
179.26
179.24
179.22
179.17
179.13
179.08
179.05
179.02
179.00
178.99
178.99
178.98
178.98
178.98
178.98
178.99
179.00
179.00
179.01
179.01
179.00
179.00
179.02
179.03
179.04
179.05
179.06
179.09
179.07
179.06
179.06
179.05
179.05
179.04
179.03
179.03
179.03
179.05
179.07
179.09
179.12
179.14
179.15
179.17
179.19
179.20
179.21
179.22
179.22
time: 14.916574716567993
179.21
179.21
179.17
179.12
179.11
179.12
179.11
179.07
179.02
179.03
179.06
179.12
179.19
179.27
179.36
179.46
179.56
179.65
179.75
179.83
179.91
180.00
180.08
180.18
180.26
180.32
180.38
180.44
180.47
180.51
180.56
180.61
180.63
180.65
180.70
180.74
180.77
180.78
180.81
180.83
180.84
180.86
180.89
180.92
180.96
180.97
180.98
180.95
180.93
180.89
time: 15.4472336769104
180.86
180.80
180.72
180.64
180.59
180.54
180.45
180.40
180.34
180.29
180.23
180.16
180.08
179.99
179.93
179.87
179.80
179.73
179.62
179.51
179.40
179.31
179.25
179.20
179.15
179.09
179.02
178.90
178.78
178.67
178.59
178.55
178.51
178.48
178.46
178.44
178.41
178.35
178.31
178.27
178.23
178.21
178.20
178.19
178.16
178.11
178.08
178.07
178.04
177.99
time: 15.94616436958313
177.93
177.85
177.79
177.72
177.67
177.66
177.69
177.74
177.80
177.87
177.96
178.01
178.07
178.13
178.16
178.18
178.14
178.03
177.86
177.70
177.57
177.47
177.40
177.35
177.31
177.34
177.36
177.37
177.40
177.49
177.57
177.70
177.82
177.92
178.02
178.09
178.14
178.18
178.23
178.29
178.33
178.38
178.41
178.44
178.43
178.41
178.38
178.36
178.35
178.35
time: 16.478158712387085
178.36
178.37
178.37
178.38
178.39
178.41
178.45
178.49
178.53
178.55
178.57
178.58
178.59
178.59
178.59
178.58
178.55
178.53
178.49
178.45
178.43
178.39
178.36
178.34
178.33
178.33
178.33
178.31
178.31
178.30
178.27
178.25
178.24
178.22
178.21
178.20
178.19
178.18
178.15
178.13
178.10
178.09
178.09
178.09
178.09
178.10
178.10
178.10
178.10
178.09
time: 17.010689735412598
178.08
178.07
178.09
178.10
178.13
178.13
178.14
178.15
178.14
178.13
178.13
178.13
178.13
178.13
178.14
178.14
178.15
178.16
178.19
178.25
178.34
178.41
178.48
178.55
178.61
178.67
178.72
178.78
178.83
178.87
178.90
178.89
178.86
178.82
178.76
178.72
178.70
178.68
178.65
178.63
178.58
178.54
178.48
178.39
178.28
178.19
178.07
177.95
177.82
177.73
time: 17.50975251197815
177.67
177.62
177.55
177.45
177.33
177.21
177.12
177.07
177.03
176.99
176.98
176.97
176.96
176.98
177.01
177.06
177.14
177.23
177.37
177.52
177.63
177.79
177.96
178.18
178.44
178.66
178.96
179.16
179.22
179.27
179.38
179.57
179.73
179.87
180.05
180.20
180.35
180.50
180.65
180.80
180.99
181.16
181.38
181.58
181.83
182.04
182.23
182.43
182.63
182.83
time: 18.04009485244751
183.05
183.30
183.56
183.85
184.13
184.35
184.62
184.85
185.16
185.47
185.74
185.97
186.28
186.58
186.90
187.23
187.55
187.92
188.24
188.55
188.91
189.23
189.55
189.87
190.13
190.36
190.53
190.65
190.90
191.12
191.41
191.66
191.88
192.08
192.27
192.45
192.62
192.79
192.95
193.11
193.24
193.37
193.54
193.71
193.87
194.05
194.20
194.32
194.44
194.59
time: 18.57245373725891
194.72
194.86
195.02
195.21
195.38
195.59
195.76
195.94
196.10
196.24
196.41
196.54
196.70
196.87
197.00
197.14
197.30
197.45
197.59
197.71
197.85
198.00
198.19
198.38
198.56
198.72
198.86
199.01
199.18
199.33
199.48
199.64
199.80
199.94
200.07
200.22
200.37
200.45
200.60
200.77
200.97
201.11
201.30
201.51
201.68
201.85
202.01
202.16
202.32
202.46
time: 19.072176218032837
202.63
202.79
202.92
203.10
203.27
203.48
203.68
203.82
203.95
204.10
204.20
204.28
204.41
204.55
204.68
204.80
204.94
205.07
205.16
205.22
205.25
205.24
205.18
205.11
205.16
205.26
205.36
205.47
205.55
205.62
205.67
205.73
205.78
205.83
205.90
205.96
206.03
206.10
206.16
206.21
206.25
206.30
206.30
206.30
206.38
206.45
206.51
206.57
206.61
206.64
time: 19.60317897796631
206.67
206.70
206.75
206.78
206.81
206.83
206.83
206.84
206.85
206.85
206.86
206.86
206.88
206.93
206.98
207.01
207.04
207.07
207.10
207.13
207.15
207.16
207.16
207.15
207.14
207.14
207.14
207.14
207.18
207.21
207.23
207.25
207.27
207.27
207.25
207.24
207.23
207.23
207.24
207.24
207.25
207.26
207.27
207.26
207.30
207.31
207.34
207.38
207.39
207.41
time: 20.1021409034729
207.41
207.42
207.43
207.44
207.46
207.48
207.51
207.54
207.56
207.57
207.60
207.62
207.63
207.64
207.63
207.64
207.64
207.65
207.64
207.63
207.62
207.61
207.60
207.60
207.61
207.61
207.62
207.63
207.63
207.63
207.63
207.62
207.60
207.59
207.57
207.55
207.54
207.52
207.50
207.49
207.47
207.45
207.43
207.39
207.36
207.34
207.31
207.28
207.24
207.21
time: 20.633952856063843
207.18
207.15
207.12
207.10
207.06
207.05
207.03
207.01
207.00
206.99
206.99
206.98
206.98
206.98
206.96
206.95
206.93
206.92
206.91
206.89
206.87
206.87
206.88
206.87
206.88
206.88
206.89
206.89
206.88
206.87
206.87
206.88
206.88
206.87
206.86
206.86
206.86
206.86
206.85
206.84
206.83
206.82
206.80
206.78
206.76
206.72
206.71
206.68
206.66
206.64
time: 21.16663432121277
206.62
206.61
206.60
206.58
206.56
206.54
206.51
206.49
206.48
206.45
206.43
206.42
206.39
206.37
206.34
206.32
206.30
206.28
206.27
206.26
206.26
206.25
206.23
206.22
206.21
206.19
206.17
206.16
206.15
206.15
206.14
206.13
206.11
206.10
206.09
206.08
206.07
206.06
206.04
206.03
206.01
206.00
206.00
206.01
206.02
206.02
206.03
206.05
206.07
206.09
time: 21.664764642715454
206.12
206.14
206.16
206.18
206.19
206.20
206.22
206.23
206.25
206.27
206.29
206.30
206.32
206.33
206.34
206.34
206.34
206.36
206.37
206.38
206.39
206.39
206.40
206.40
206.40
206.40
206.41
206.41
206.42
206.43
206.44
206.44
206.45
206.45
206.45
206.45
206.45
206.45
206.44
206.44
206.44
206.44
206.45
206.45
206.43
206.43
206.41
206.41
206.40
206.38
time: 22.196834564208984
206.38
206.37
206.37
206.37
206.36
206.36
206.36
206.35
206.35
206.34
206.33
206.34
206.35
206.35
206.34
206.34
206.34
206.34
206.34
206.33
206.33
206.32
206.32
206.32
206.31
206.32
206.33
206.34
206.34
206.36
206.36
206.38
206.38
206.39
206.38
206.40
206.41
206.40
206.40
206.41
206.40
206.41
206.41
206.42
206.42
206.42
206.42
206.43
206.43
206.42
time: 22.729208946228027
206.43
206.42
206.40
206.39
206.40
206.40
206.39
206.39
206.39
206.38
206.37
206.36
206.37
206.36
206.36
206.37
206.37
206.38
206.39
206.40
206.40
206.41
206.42
206.44
206.44
206.45
206.43
206.42
206.42
206.42
206.42
206.43
206.43
206.43
206.44
206.45
206.46
206.47
206.48
206.48
206.49
206.49
206.48
206.48
206.47
206.46
206.45
206.44
206.42
206.41
time: 23.227968215942383
206.41
206.40
206.38
206.38
206.37
206.36
206.35
206.35
206.35
206.34
206.34
206.34
206.34
206.34
206.33
206.32
206.33
206.33
206.33
206.33
206.33
206.34
206.33
206.34
206.35
206.36
206.36
206.37
206.37
206.38
206.38
206.37
206.37
206.37
206.39
206.38
206.38
206.38
206.38
206.39
206.39
206.40
206.41
206.42
206.42
206.43
206.43
206.43
206.44
206.44
time: 23.75978422164917
206.44
206.44
206.45
206.46
206.47
206.47
206.47
206.47
206.45
206.43
206.42
206.41
206.40
206.39
206.38
206.36
206.35
206.34
206.35
206.36
206.37
206.39
206.40
206.41
206.42
206.43
206.43
206.44
206.45
206.45
206.45
206.45
206.45
206.45
206.46
206.46
206.45
206.45
206.45
206.43
206.42
206.42
206.41
206.41
206.41
206.42
206.40
206.39
206.38
206.36
time: 24.258453369140625
206.36
206.35
206.35
206.35
206.37
206.37
206.37
206.38
206.38
206.38
206.38
206.38
206.38
206.38
206.37
206.37
206.37
206.38
206.38
206.40
206.41
206.41
206.42
206.42
206.42
206.43
206.44
206.44
206.45
206.45
206.45
206.45
206.46
206.46
206.45
206.46
206.47
206.48
206.48
206.49
206.49
206.49
206.50
206.50
206.50
206.50
206.50
206.49
206.48
206.49
time: 24.79094886779785
206.50
206.51
206.52
206.53
206.54
206.55
206.56
206.56
206.56
206.55
206.56
206.56
206.56
206.55
206.55
206.54
206.55
206.56
206.57
206.58
206.59
206.60
206.61
206.62
206.61
206.61
206.60
206.60
206.60
206.58
206.59
206.58
206.57
206.56
206.56
206.55
206.55
206.55
206.54
206.53
206.53
206.52
206.52
206.51
206.50
206.50
206.49
206.49
206.50
206.51
time: 25.322749137878418
206.52
206.51
206.51
206.50
206.49
206.49
206.48
206.48
206.47
206.46
206.46
206.45
206.44
206.46
206.46
206.47
206.48
206.49
206.51
206.53
206.57
206.59
206.62
206.64
206.66
206.68
206.69
206.71
206.70
206.70
206.69
206.68
206.66
206.64
206.62
206.60
206.58
206.57
206.55
206.53
206.51
206.49
206.48
206.47
206.45
206.42
206.40
206.36
206.32
206.29
time: 25.821918487548828
206.27
206.24
206.25
206.27
206.30
206.28
206.25
206.22
206.20
206.18
206.15
206.13
206.11
206.09
206.07
206.05
206.05
206.04
206.07
206.09
206.12
206.16
206.20
206.23
206.28
206.31
206.34
206.35
206.34
206.33
206.31
206.28
206.24
206.19
206.14
206.08
206.01
205.95
205.90
205.85
205.80
205.76
205.71
205.66
205.63
205.59
205.56
205.53
205.50
205.47
time: 26.35355544090271
205.44
205.40
205.38
205.36
205.34
205.32
205.31
205.29
205.28
205.26
205.24
205.21
205.19
205.19
205.18
205.19
205.18
205.15
205.12
205.11
205.10
205.07
205.05
205.05
205.05
205.04
205.03
205.02
205.02
205.01
205.00
204.98
204.99
204.99
205.01
205.02
205.02
205.02
205.01
204.99
204.97
204.96
204.94
204.93
204.92
204.93
204.93
204.94
204.95
204.95
time: 26.88557267189026
204.96
204.96
204.97
204.98
204.98
205.00
205.00
205.01
205.01
205.01
205.00
204.99
204.98
204.99
205.00
205.01
205.00
205.00
204.99
204.99
204.98
204.97
204.95
204.94
204.94
204.93
204.91
204.88
204.86
204.85
204.85
204.86
204.86
204.86
204.86
204.86
204.85
204.84
204.84
204.83
204.83
204.83
204.82
204.83
204.84
204.85
204.86
204.86
204.87
204.88
time: 27.38458228111267
204.89
204.88
204.88
204.88
204.89
204.89
204.89
204.89
204.89
204.89
204.90
204.91
204.91
204.92
204.93
204.95
204.95
204.96
204.96
204.95
204.96
204.97
204.99
205.00
205.01
205.04
205.05
205.06
205.07
205.08
205.09
205.11
205.13
205.15
205.17
205.19
205.22
205.24
205.26
205.27
205.29
205.29
205.29
205.30
205.30
205.29
205.30
205.29
205.27
205.26
time: 27.91650152206421
205.25
205.24
205.23
205.23
205.23
205.23
205.23
205.23
205.23
205.23
205.23
205.23
205.23
205.24
205.23
205.24
205.25
205.26
205.26
205.27
205.28
205.29
205.31
205.31
205.32
205.33
205.34
205.35
205.37
205.38
205.38
205.38
205.37
205.36
205.36
205.36
205.36
205.35
205.35
205.34
205.31
205.30
205.28
205.28
205.27
205.25
205.23
205.23
205.23
205.23
time: 28.415393114089966
205.22
205.21
205.20
205.20
205.21
205.21
205.22
205.22
205.23
205.24
205.24
205.24
205.26
205.27
205.29
205.29
205.31
205.33
205.35
205.36
205.37
205.39
205.41
205.42
205.44
205.46
205.46
205.47
205.47
205.48
205.49
205.49
205.50
205.51
205.52
205.52
205.51
205.51
205.50
205.50
205.49
205.49
205.49
205.49
205.49
205.49
205.48
205.47
205.46
205.45
time: 28.94705581665039
205.44
205.43
205.42
205.41
205.41
205.39
205.38
205.38
205.38
205.37
205.37
205.37
205.36
205.37
205.36
205.35
205.34
205.33
205.32
205.31
205.31
205.31
205.32
205.31
205.31
205.31
205.32
205.32
205.34
205.34
205.35
205.36
205.37
205.38
205.39
205.39
205.39
205.40
205.40
205.41
205.41
205.41
205.40
205.41
205.42
205.42
205.42
205.41
205.39
205.38
time: 29.47944474220276
205.36
205.34
205.30
205.28
205.24
205.19
205.11
205.01
204.91
204.82
204.74
204.62
204.53
204.45
204.35
204.20
204.05
203.87
203.69
203.47
203.28
203.11
202.91
202.69
202.44
202.18
201.92
201.69
201.47
201.25
200.99
200.75
200.49
200.22
199.94
199.69
199.51
199.24
198.96
198.72
198.49
198.23
197.98
197.71
197.44
197.19
196.93
196.65
196.39
196.15
time: 29.978288650512695
195.85
195.59
195.29
194.97
194.70
194.37
194.05
193.78
193.48
193.19
192.89
192.60
192.32
192.03
191.76
191.46
191.19
190.91
190.70
190.48
190.25
189.99
189.77
189.48
189.24
188.99
188.76
188.51
188.26
188.01
187.77
187.60
187.44
187.31
187.16
186.99
186.78
186.42
186.10
185.86
185.71
185.49
185.28
185.08
184.87
184.62
184.31
184.04
183.81
183.53
time: 30.510406494140625
183.24
183.05
182.91
182.73
182.52
182.30
182.12
181.92
181.70
181.45
181.16
180.94
180.78
180.57
180.34
180.16
180.02
179.94
179.90
179.74
179.45
179.26
179.19
179.06
178.84
178.58
178.45
178.45
178.43
178.42
178.34
178.22
178.06
177.85
177.63
177.35
177.06
176.75
176.43
176.21
175.99
175.75
175.43
175.08
174.71
174.43
174.09
173.83
173.60
173.41
time: 31.042351245880127
173.24
173.07
172.89
172.76
172.69
172.63
172.57
172.54
172.50
172.46
172.44
172.41
172.39
172.39
172.41
172.41
172.42
172.45
172.46
172.45
172.48
172.38
172.21
172.18
172.23
172.38
172.53
172.65
172.74
172.76
172.82
172.82
172.84
172.84
172.79
172.74
172.63
172.54
172.50
172.45
172.45
172.31
172.16
172.03
171.90
171.82
171.77
171.72
171.69
171.67
time: 31.541120767593384
171.72
171.84
171.97
171.97
171.93
171.95
171.97
171.93
171.90
171.88
171.85
171.78
171.69
171.52
171.25
170.93
170.61
170.40
170.24
170.18
170.12
170.12
170.08
170.03
170.03
170.06
170.10
170.15
170.21
170.29
170.38
170.44
170.49
170.50
170.49
170.47
170.44
170.39
170.33
170.27
170.20
170.12
170.03
169.94
169.84
169.68
169.54
169.40
169.26
169.14
time: 32.07279419898987
169.01
168.90
168.80
168.66
168.54
168.43
168.34
168.29
168.26
168.21
168.17
168.13
168.07
168.02
168.00
168.00
167.98
167.98
167.95
167.93
167.90
167.88
167.89
167.89
167.88
167.86
167.85
167.85
167.86
167.90
167.94
167.99
168.05
168.09
168.14
168.17
168.13
168.09
167.99
167.93
167.78
167.69
167.57
167.43
167.27
167.12
166.98
166.82
166.69
166.57
time: 32.57217574119568
166.49
166.42
166.38
166.35
166.35
166.34
166.32
166.29
166.28
166.27
166.25
166.27
166.34
166.43
166.51
166.59
166.67
166.74
166.86
166.96
167.04
167.12
167.20
167.28
167.38
167.47
167.57
167.63
167.72
167.79
167.82
167.86
167.91
167.96
168.03
168.07
168.10
168.11
168.11
168.11
168.10
168.11
168.09
168.05
168.03
168.01
168.01
168.02
167.99
167.95
time: 33.10430335998535
167.90
167.81
167.80
167.73
167.63
167.58
167.54
167.52
167.51
167.47
167.46
167.47
167.46
167.47
167.47
167.47
167.49
167.52
167.57
167.62
167.68
167.75
167.84
167.93
168.02
168.13
168.22
168.31
168.42
168.49
168.57
168.62
168.67
168.75
168.82
168.87
168.89
168.90
168.91
168.90
168.90
168.88
168.88
168.88
168.90
168.92
168.96
168.98
169.00
169.01
time: 33.636115312576294
169.02
169.05
169.08
169.12
169.15
169.17
169.21
169.22
169.22
169.24
169.24
169.24
169.23
169.24
169.22
169.24
169.25
169.25
169.24
169.22
169.22
169.20
169.19
169.18
169.15
169.12
169.11
169.10
169.07
169.05
169.04
169.04
169.03
169.02
169.02
169.02
169.00
168.99
168.98
168.97
168.97
168.95
168.93
168.90
168.89
168.90
168.90
168.89
168.88
168.86
time: 34.13497519493103
168.86
168.84
168.84
168.84
168.84
168.85
168.83
168.83
168.83
168.84
168.85
168.86
168.88
168.89
168.90
168.91
168.92
168.94
168.94
168.96
168.98
168.98
168.98
168.99
169.00
169.02
169.06
169.09
169.12
169.14
169.17
169.20
169.24
169.28
169.32
169.37
169.39
169.45
169.49
169.55
169.60
169.64
169.72
169.80
169.86
169.93
169.99
170.05
170.10
170.17
time: 34.66669797897339
170.22
170.25
170.28
170.32
170.37
170.42
170.45
170.47
170.50
170.54
170.59
170.63
170.66
170.70
170.75
170.78
170.80
170.82
170.80
170.80
170.79
170.79
170.79
170.76
170.75
170.77
170.78
170.77
170.75
170.75
170.76
170.74
170.70
170.68
170.67
170.68
170.70
170.71
170.74
170.78
170.80
170.80
170.80
170.80
170.79
170.76
170.70
170.70
170.69
170.69
time: 35.19937801361084
170.66
170.62
170.61
170.60
170.61
170.68
170.75
170.84
170.93
171.03
171.10
171.17
171.24
171.29
171.32
171.36
171.40
171.44
171.46
171.48
171.47
171.48
171.49
171.49
171.48
171.44
171.41
171.38
171.35
171.31
171.27
171.22
171.18
171.12
171.08
171.05
171.01
170.98
170.96
170.93
170.91
170.89
170.87
170.85
170.82
170.81
170.82
170.82
170.80
170.81
time: 35.6975359916687
170.81
170.80
170.80
170.81
170.80
170.77
170.75
170.72
170.70
170.68
170.65
170.63
170.61
170.60
170.60
170.58
170.55
170.50
170.46
170.42
170.41
170.36
170.34
170.35
170.36
170.35
170.34
170.36
170.36
170.38
170.40
170.40
170.39
170.38
170.38
170.39
170.41
170.42
170.43
170.46
170.51
170.54
170.56
170.60
170.63
170.65
170.68
170.72
170.73
170.75
time: 36.23001456260681
170.74
170.72
170.72
170.71
170.68
170.66
170.67
170.68
170.69
170.70
170.71
170.71
170.70
170.67
170.65
170.62
170.55
170.51
170.50
170.50
170.49
170.50
170.52
170.54
170.55
170.52
170.53
170.53
170.50
170.48
170.48
170.45
170.43
170.41
170.39
170.39
170.38
170.36
170.35
170.33
170.31
170.29
170.28
170.27
170.25
170.23
170.23
170.23
170.23
170.24
time: 36.72880148887634
170.26
170.24
170.25
170.27
170.27
170.29
170.33
170.35
170.38
170.40
170.41
170.42
170.45
170.44
170.45
170.46
170.47
170.48
170.51
170.52
170.54
170.57
170.58
170.59
170.60
170.61
170.62
170.60
170.57
170.54
170.53
170.51
170.48
170.47
170.46
170.45
170.43
170.42
170.42
170.42
170.40
170.37
170.33
170.32
170.30
170.26
170.21
170.17
170.14
170.10
time: 37.26091933250427
170.06
170.02
169.96
169.90
169.84
169.80
169.76
169.72
169.67
169.62
169.56
169.49
169.45
169.41
169.38
169.38
169.39
169.40
169.41
169.39
169.37
169.35
169.37
169.39
169.41
169.44
169.44
169.45
169.46
169.45
169.46
169.49
169.52
169.54
169.57
169.60
169.63
169.68
169.74
169.81
169.88
169.94
169.98
169.99
170.01
170.02
170.03
170.04
170.06
170.07
time: 37.79289245605469
170.08
170.09
170.10
170.11
170.14
170.17
170.19
170.22
170.25
170.28
170.29
170.28
170.28
170.29
170.28
170.26
170.21
170.18
170.17
170.14
170.12
170.10
170.08
170.03
169.99
169.97
169.96
169.97
169.97
169.96
169.93
169.90
169.86
169.81
169.78
169.76
169.76
169.74
169.73
169.72
169.73
169.74
169.77
169.77
169.80
169.83
169.83
169.83
169.85
169.88
time: 38.291274070739746
169.87
169.87
169.86
169.84
169.82
169.79
169.77
169.75
169.74
169.74
169.76
169.77
169.79
169.80
169.82
169.85
169.87
169.88
169.89
169.91
169.90
169.89
169.89
169.89
169.89
169.90
169.92
169.93
169.94
169.96
169.97
169.97
169.96
169.98
170.00
170.01
170.01
170.02
170.02
170.03
170.02
170.01
170.02
170.01
169.99
169.96
169.97
169.98
169.99
169.97
time: 38.823933839797974
169.95
169.93
169.89
169.86
169.83
169.83
169.82
169.81
169.79
169.80
169.80
169.80
169.80
169.80
169.81
169.80
169.76
169.74
169.73
169.72
169.71
169.71
169.72
169.73
169.75
169.78
169.80
169.82
169.85
169.88
169.91
169.92
169.93
169.93
169.91
169.91
169.91
169.92
169.93
169.94
169.96
169.99
170.00
169.99
170.01
170.02
170.03
170.04
170.06
170.07
time: 39.35582780838013
170.07
170.06
170.05
170.05
170.07
170.07
170.08
170.09
170.09
170.09
170.08
170.07
170.06
170.06
170.06
170.05
170.03
170.02
170.00
169.99
170.00
170.00
170.02
170.05
170.07
170.06
170.06
170.04
170.00
169.97
169.97
169.96
169.96
169.97
169.97
169.99
169.99
169.99
169.99
169.98
169.97
169.96
169.96
169.98
169.98
169.99
170.00
170.01
170.01
170.00
time: 39.85506343841553
170.00
169.95
169.90
169.85
169.81
169.74
169.65
169.55
169.49
169.44
169.41
169.37
169.32
169.27
169.28
169.36
169.46
169.54
169.66
169.75
169.82
169.91
170.03
170.15
170.27
170.38
170.48
170.61
170.79
170.96
171.08
171.26
171.47
171.63
171.75
171.84
172.10
172.40
172.52
172.63
172.87
173.13
173.25
173.33
173.57
173.75
173.87
173.96
174.10
174.35
time: 40.386672019958496
174.45
174.60
174.82
174.88
174.87
175.01
175.19
175.24
175.33
175.41
175.50
175.58
175.66
175.71
175.83
175.96
176.12
176.22
176.31
176.33
176.42
176.54
176.71
176.82
176.98
177.16
177.33
177.52
177.66
177.81
177.96
178.09
178.25
178.44
178.60
178.78
179.00
179.21
179.43
179.56
179.70
179.82
179.96
180.11
180.27
180.36
180.47
180.61
180.75
180.89
time: 40.88561224937439
