90.37
90.77
91.28
91.80
92.24
92.76
93.28
93.79
94.22
94.74
95.25
95.68
96.19
96.69
97.20
97.63
98.14
98.65
99.16
99.58
100.08
100.59
101.01
101.51
102.01
102.51
102.93
103.65
104.31
104.97
105.63
106.29
106.95
107.60
108.17
108.88
109.46
110.17
110.82
111.46
112.11
112.74
113.37
114.00
114.62
115.24
115.87
116.48
117.10
117.72
time: 4.540863037109375
118.32
118.94
119.55
120.16
120.76
121.37
121.96
122.56
123.15
123.74
124.32
124.90
125.49
126.07
126.65
127.24
127.81
128.39
128.96
129.53
130.10
130.66
131.23
131.79
132.34
132.89
133.45
134.00
134.55
135.11
135.66
136.21
136.76
137.31
137.79
138.39
138.88
139.48
140.01
140.55
141.07
141.60
142.12
142.64
143.16
143.68
144.19
144.71
145.22
145.73
time: 5.040213584899902
146.25
146.76
147.26
147.77
148.26
148.76
149.26
149.75
150.23
150.72
151.21
151.70
152.19
152.66
153.14
153.62
154.09
154.56
155.03
155.50
155.96
156.43
156.89
157.36
157.82
158.28
158.73
159.19
159.64
160.09
160.54
160.99
161.44
161.87
162.26
162.74
163.12
163.59
164.03
164.45
164.88
165.30
165.73
166.15
166.57
166.98
167.40
167.80
168.20
168.61
time: 5.5718302726745605
169.01
169.41
169.80
170.19
170.58
170.95
171.33
171.70
172.07
172.43
172.80
173.18
173.56
173.92
174.26
174.61
174.96
175.32
175.66
176.01
176.34
176.70
177.04
177.39
177.74
178.07
178.40
178.73
179.06
179.39
179.71
180.03
180.35
180.63
180.97
181.25
181.58
181.89
182.19
182.48
182.78
183.07
183.36
183.65
183.94
184.22
184.51
184.79
185.08
185.35
time: 6.104132413864136
185.63
185.89
186.15
186.42
186.68
186.94
187.21
187.48
187.73
187.97
188.22
188.45
188.69
188.92
189.15
189.38
189.61
189.84
190.06
190.27
190.48
190.68
190.87
191.08
191.28
191.48
191.68
191.88
192.08
192.26
192.46
192.65
192.84
193.01
193.20
193.36
193.55
193.72
193.88
194.04
194.18
194.33
194.47
194.61
194.75
194.88
195.00
195.12
195.24
195.36
time: 6.602842330932617
195.48
195.60
195.72
195.85
195.97
196.10
196.22
196.36
196.50
196.63
196.76
196.89
197.05
197.20
197.34
197.48
197.59
197.70
197.81
197.90
198.00
198.09
198.16
198.22
198.27
198.32
198.36
198.39
198.42
198.45
198.47
198.50
198.51
198.54
198.57
198.61
198.62
198.63
198.65
198.68
198.73
198.79
198.84
198.88
198.89
198.91
198.90
198.89
198.89
198.91
time: 7.1351096630096436
198.93
198.96
198.99
199.04
199.08
199.11
199.16
199.20
199.26
199.33
199.39
199.47
199.55
199.64
199.72
199.81
199.89
199.97
200.05
200.13
200.19
200.24
200.29
200.33
200.33
200.35
200.37
200.39
200.42
200.42
200.41
200.41
200.40
200.38
200.36
200.33
200.31
200.30
200.32
200.32
200.31
200.30
200.29
200.28
200.27
200.28
200.27
200.26
200.23
200.22
time: 7.6652257442474365
200.21
200.18
200.18
200.18
200.17
200.15
200.12
200.09
200.07
200.06
200.04
200.02
200.01
200.00
200.00
200.00
199.99
200.00
199.99
199.99
199.98
199.99
199.98
199.97
199.99
200.00
200.01
200.02
200.03
200.02
200.03
200.02
200.02
200.03
200.05
200.06
200.08
200.10
200.09
200.08
200.08
200.09
200.09
200.12
200.12
200.13
200.13
200.16
200.18
200.19
time: 8.165513277053833
200.18
200.12
200.07
200.00
199.94
199.89
199.83
199.75
199.69
199.63
199.55
199.50
199.47
199.43
199.40
199.39
199.37
199.37
199.38
199.38
199.39
199.41
199.42
199.46
199.50
199.53
199.55
199.57
199.57
199.59
199.59
199.59
199.61
199.64
199.66
199.67
199.69
199.70
199.72
199.72
199.73
199.74
199.75
199.75
199.76
199.78
199.79
199.79
199.81
199.84
time: 8.695685863494873
199.86
199.89
199.92
199.96
200.00
200.03
200.05
200.10
200.15
200.20
200.24
200.29
200.34
200.35
200.35
200.33
200.28
200.23
200.15
200.07
199.99
199.93
199.87
199.78
199.71
199.67
199.62
199.57
199.56
199.54
199.52
199.50
199.51
199.51
199.51
199.52
199.51
199.51
199.52
199.53
199.53
199.54
199.57
199.59
199.59
199.59
199.60
199.59
199.62
199.65
time: 9.195655822753906
199.66
199.68
199.69
199.72
199.72
199.74
199.76
199.76
199.78
199.81
199.84
199.86
199.89
199.91
199.93
199.94
199.95
199.96
199.99
199.99
200.01
200.03
200.05
200.05
200.07
200.10
200.12
200.14
200.16
200.17
200.18
200.18
200.19
200.21
200.21
200.20
200.19
200.17
200.16
200.15
200.14
200.13
200.13
200.12
200.13
200.12
200.12
200.09
200.08
200.08
time: 9.726451396942139
200.08
200.08
200.09
200.11
200.13
200.15
200.16
200.18
200.20
200.20
200.20
200.22
200.22
200.23
200.24
200.26
200.27
200.27
200.27
200.25
200.24
200.22
200.21
200.22
200.24
200.27
200.30
200.34
200.38
200.42
200.43
200.46
200.49
200.50
200.53
200.53
200.52
200.52
200.51
200.50
200.50
200.50
200.49
200.48
200.49
200.50
200.52
200.53
200.53
200.54
time: 10.258467197418213
200.53
200.55
200.55
200.56
200.57
200.58
200.58
200.59
200.60
200.62
200.61
200.60
200.59
200.59
200.60
200.58
200.56
200.56
200.56
200.57
200.58
200.58
200.58
200.58
200.59
200.58
200.59
200.58
200.57
200.55
200.52
200.51
200.49
200.49
200.49
200.49
200.48
200.48
200.48
200.48
200.48
200.49
200.48
200.49
200.48
200.50
200.50
200.51
200.52
200.53
time: 10.757456302642822
200.53
200.53
200.53
200.53
200.53
200.54
200.55
200.56
200.57
200.59
200.59
200.60
200.61
200.61
200.62
200.62
200.61
200.61
200.62
200.62
200.63
200.63
200.63
200.64
200.65
200.65
200.64
200.63
200.61
200.62
200.62
200.61
200.61
200.63
200.63
200.64
200.64
200.63
200.62
200.61
200.59
200.59
200.57
200.56
200.54
200.52
200.51
200.52
200.51
200.52
time: 11.289265632629395
200.51
200.52
200.52
200.50
200.49
200.48
200.47
200.47
200.46
200.44
200.40
200.39
200.36
200.34
200.31
200.31
200.31
200.33
200.36
200.37
200.40
200.41
200.42
200.41
200.41
200.41
200.40
200.39
200.38
200.37
200.35
200.32
200.30
200.27
200.26
200.24
200.23
200.22
200.20
200.18
200.16
200.17
200.16
200.17
200.18
200.18
200.18
200.18
200.18
200.19
time: 11.821002721786499
200.20
200.20
200.22
200.23
200.19
200.18
200.17
200.17
200.18
200.18
200.17
200.18
200.18
200.19
200.19
200.20
200.19
200.16
200.14
200.13
200.12
200.11
200.12
200.12
200.13
200.14
200.15
200.15
200.16
200.15
200.15
200.16
200.16
200.18
200.19
200.21
200.22
200.25
200.27
200.30
200.33
200.36
200.39
200.41
200.42
200.43
200.44
200.44
200.45
200.44
time: 12.31954836845398
200.45
200.47
200.47
200.48
200.47
200.48
200.46
200.44
200.43
200.44
200.44
200.43
200.43
200.45
200.45
200.47
200.49
200.51
200.49
200.49
200.51
200.51
200.52
200.53
200.55
200.58
200.59
200.61
200.62
200.60
200.58
200.53
200.45
200.36
200.29
200.25
200.25
200.27
200.33
200.39
200.47
200.53
200.58
200.63
200.67
200.69
200.69
200.69
200.69
200.69
time: 12.85142183303833
200.69
200.69
200.68
200.67
200.63
200.62
200.62
200.61
200.59
200.59
200.60
200.61
200.63
200.65
200.67
200.69
200.71
200.70
200.72
200.73
200.73
200.75
200.77
200.77
200.76
200.77
200.77
200.77
200.80
200.82
200.83
200.84
200.85
200.86
200.85
200.86
200.86
200.84
200.84
200.81
200.78
200.75
200.72
200.67
200.65
200.60
200.51
200.41
200.36
200.33
time: 13.35021162033081
200.32
200.37
200.41
200.46
200.52
200.59
200.67
200.74
200.81
200.86
200.88
200.90
200.91
200.90
200.90
200.88
200.85
200.79
200.73
200.69
200.67
200.64
200.63
200.59
200.57
200.54
200.51
200.49
200.46
200.45
200.45
200.44
200.43
200.42
200.41
200.39
200.38
200.37
200.35
200.34
200.33
200.32
200.30
200.30
200.28
200.28
200.27
200.26
200.26
200.24
time: 13.882107257843018
200.23
200.25
200.25
200.25
200.26
200.25
200.24
200.23
200.20
200.19
200.17
200.15
200.14
200.11
200.09
200.08
200.06
200.03
200.00
199.99
199.97
199.94
199.90
199.87
199.84
199.81
199.77
199.74
199.70
199.69
199.68
199.66
199.64
199.66
199.66
199.68
199.68
199.69
199.68
199.68
199.67
199.66
199.64
199.63
199.63
199.62
199.63
199.63
199.63
199.62
time: 14.413886308670044
199.61
199.59
199.55
199.53
199.50
199.50
199.48
199.47
199.45
199.45
199.43
199.42
199.42
199.41
199.41
199.40
199.38
199.38
199.38
199.38
199.37
199.38
199.39
199.41
199.43
199.43
199.45
199.47
199.47
199.48
199.49
199.50
199.51
199.51
199.50
199.50
199.51
199.51
199.51
199.50
199.49
199.49
199.49
199.51
199.52
199.54
199.57
199.62
199.66
199.71
time: 14.912614822387695
199.75
199.80
199.85
199.89
199.93
199.95
199.97
199.99
200.00
200.00
200.01
200.01
200.00
200.01
200.03
200.04
200.05
200.07
200.09
200.14
200.20
200.27
200.32
200.39
200.45
200.54
200.64
200.72
200.81
200.87
200.92
200.95
200.99
201.02
201.04
201.06
201.09
201.13
201.15
201.17
201.15
201.15
201.15
201.16
201.17
201.18
201.19
201.20
201.19
201.19
time: 15.444372653961182
201.17
201.15
201.13
201.13
201.10
201.08
201.06
201.03
200.97
200.93
200.88
200.81
200.76
200.72
200.65
200.60
200.53
200.45
200.37
200.30
200.23
200.19
200.15
200.10
200.05
199.99
199.94
199.90
199.84
199.79
199.74
199.67
199.60
199.53
199.45
199.38
199.31
199.24
199.19
199.13
199.03
198.94
198.86
198.78
198.70
198.65
198.60
198.58
198.56
198.55
time: 15.9762864112854
198.56
198.57
198.58
198.57
198.55
198.53
198.50
198.47
198.43
198.37
198.32
198.27
198.25
198.24
198.25
198.28
198.33
198.41
198.51
198.60
198.70
198.79
198.86
198.91
198.93
198.91
198.88
198.84
198.76
198.68
198.59
198.50
198.42
198.34
198.28
198.26
198.27
198.29
198.34
198.39
198.46
198.54
198.62
198.71
198.78
198.87
198.95
199.03
199.10
199.16
time: 16.475143671035767
199.20
199.23
199.26
199.27
199.28
199.28
199.28
199.27
199.25
199.24
199.24
199.25
199.26
199.26
199.28
199.29
199.30
199.32
199.33
199.34
199.34
199.34
199.32
199.30
199.27
199.24
199.22
199.21
199.18
199.17
199.15
199.11
199.10
199.10
199.10
199.09
199.08
199.06
199.06
199.05
199.04
199.04
199.04
199.03
199.01
198.98
198.96
198.94
198.92
198.90
time: 17.006911516189575
198.89
198.88
198.89
198.88
198.88
198.88
198.87
198.88
198.88
198.86
198.87
198.88
198.90
198.92
198.93
198.93
198.94
198.96
198.97
198.99
199.00
199.04
199.09
199.15
199.20
199.27
199.35
199.41
199.46
199.54
199.61
199.66
199.72
199.79
199.84
199.88
199.91
199.89
199.90
199.94
199.96
199.97
200.03
200.10
200.14
200.18
200.25
200.27
200.32
200.39
time: 17.50676155090332
200.50
200.60
200.69
200.80
200.90
201.00
201.08
201.18
201.28
201.38
201.50
201.61
201.75
201.91
202.06
202.23
202.42
202.62
202.80
203.00
203.22
203.46
203.70
203.96
204.21
204.48
204.76
205.03
205.32
205.61
205.88
206.16
206.45
206.72
206.98
207.25
207.52
207.79
236.62
235.30
235.46
235.58
235.68
235.78
235.88
235.97
236.05
236.12
236.18
236.25
time: 18.835224390029907
236.32
236.36
236.42
236.51
236.59
236.69
236.79
236.91
237.02
237.13
237.27
237.42
237.58
237.72
237.86
238.00
238.14
238.29
238.47
238.65
238.84
239.02
239.25
239.43
239.66
239.86
240.06
240.26
240.48
240.70
240.91
241.10
241.28
241.45
241.65
241.87
242.10
242.36
242.63
242.90
243.16
243.42
243.68
243.92
244.17
244.42
244.69
244.98
245.27
245.57
time: 19.334490060806274
245.84
246.08
246.28
246.48
246.69
246.90
247.12
247.31
247.51
247.69
247.83
247.96
248.08
248.18
248.27
248.36
248.42
248.49
248.56
248.62
248.68
248.72
248.74
248.76
248.76
248.78
248.80
248.80
248.81
248.81
248.79
248.77
248.75
248.74
248.75
248.75
248.73
248.73
248.72
248.71
248.68
248.65
248.63
248.62
248.60
248.60
248.61
248.63
248.65
248.69
time: 19.86559557914734
248.72
248.75
248.77
248.81
248.87
248.93
249.00
249.05
249.09
249.11
249.11
249.11
249.11
249.11
249.11
249.13
249.17
249.21
249.26
249.31
249.35
249.38
249.41
249.43
249.44
249.43
249.42
249.41
249.41
249.41
249.42
249.42
249.42
249.42
249.41
249.41
249.40
249.40
249.39
249.39
249.37
249.36
249.36
249.35
249.34
249.33
249.32
249.31
249.31
249.30
time: 20.39766836166382
249.31
249.31
249.30
249.28
249.27
249.25
249.24
249.21
249.20
249.17
249.15
249.14
249.12
249.10
249.08
249.06
249.04
249.02
249.01
248.99
248.98
248.97
248.94
248.92
248.89
248.87
248.84
248.81
248.79
248.78
248.76
248.74
248.72
248.71
248.69
248.67
248.66
248.63
248.61
248.59
248.58
248.57
248.57
248.57
248.59
248.60
248.61
248.61
248.62
248.62
time: 20.896366357803345
248.62
248.62
248.64
248.65
248.65
248.67
248.68
248.70
248.71
248.73
248.75
248.77
248.79
248.81
248.82
248.84
248.85
248.87
248.88
248.89
248.90
248.91
248.91
248.90
248.89
248.87
248.86
248.84
248.84
248.82
248.81
248.80
248.78
248.75
248.73
248.70
248.68
248.65
248.63
248.62
248.59
248.58
248.56
248.55
248.53
248.51
248.50
248.49
248.47
248.46
time: 21.428337335586548
248.44
248.43
248.41
248.40
248.37
248.35
248.33
248.32
248.30
248.30
248.29
248.29
248.29
248.27
248.26
248.25
248.23
248.23
248.23
248.24
248.25
248.26
248.27
248.29
248.31
248.32
248.33
248.33
248.32
248.31
248.30
248.30
248.30
248.31
248.32
248.33
248.34
248.36
248.37
248.38
248.39
248.40
248.41
248.42
248.44
248.46
248.47
248.48
248.50
248.52
time: 21.95952343940735
248.53
248.54
248.54
248.55
248.55
248.56
248.56
248.57
248.57
248.58
248.57
248.57
248.56
248.55
248.54
248.54
248.53
248.51
248.50
248.50
248.49
248.48
248.46
248.45
248.44
248.42
248.41
248.40
248.39
248.38
248.39
248.37
248.36
248.36
248.35
248.34
248.33
248.33
248.33
248.34
248.33
248.31
248.29
248.27
248.25
248.24
248.22
248.20
248.18
248.15
time: 22.458873987197876
248.13
248.11
248.09
248.06
248.05
248.03
248.01
247.96
247.90
247.84
247.79
247.75
247.73
247.71
247.69
247.67
247.65
247.62
247.59
247.57
247.56
247.54
247.51
247.50
247.46
247.41
247.36
247.31
247.27
247.24
247.22
247.19
247.16
247.13
247.10
247.06
247.02
246.96
246.87
246.79
246.72
246.68
246.64
246.61
246.57
246.52
246.48
246.45
246.43
246.41
time: 22.99021005630493
246.38
246.35
246.31
246.28
246.26
246.24
246.23
246.20
246.17
246.13
246.11
246.10
246.09
246.08
246.05
246.04
246.02
246.00
245.99
245.98
245.99
245.99
245.99
245.99
245.98
245.97
245.96
245.95
245.94
245.93
245.92
245.91
245.90
245.90
245.90
245.90
245.89
245.89
245.89
245.89
245.90
245.89
245.89
245.90
245.90
245.92
245.93
245.92
245.93
245.93
time: 23.48934555053711
245.93
245.93
245.93
245.93
245.93
245.93
245.92
245.94
245.94
245.94
245.94
245.95
245.96
245.96
245.97
245.97
245.98
245.97
245.98
245.98
245.99
246.01
246.03
246.06
246.09
246.09
246.07
246.06
246.08
246.10
246.11
246.12
246.12
246.11
246.11
246.09
246.08
246.05
246.00
245.96
245.93
245.90
245.89
245.86
245.84
245.82
245.80
245.78
245.76
245.75
time: 24.021349668502808
245.74
245.74
245.74
245.75
245.77
245.77
245.79
245.78
245.79
245.79
245.80
245.81
245.83
245.84
245.85
245.85
245.84
245.84
245.83
245.85
245.85
245.85
245.84
245.83
245.82
245.82
245.81
245.81
245.80
245.80
245.80
245.80
245.80
245.79
245.78
245.77
245.76
245.74
245.73
245.72
245.70
245.69
245.68
245.68
245.66
245.64
245.64
245.63
245.63
245.64
time: 24.553275108337402
245.65
245.67
245.68
245.68
245.68
245.69
245.69
245.70
245.71
245.72
245.73
245.72
245.73
245.74
245.75
245.75
245.75
245.75
245.76
245.76
245.76
245.75
245.75
245.73
245.72
245.71
245.70
245.70
245.71
245.72
245.74
245.76
245.77
245.78
245.77
245.78
245.78
245.79
245.80
245.82
245.84
245.83
245.84
245.83
245.84
245.85
245.87
245.88
245.88
245.88
time: 25.052106142044067
245.88
245.88
245.88
245.89
245.90
245.91
245.90
245.90
245.88
245.88
245.88
245.88
245.89
245.88
245.87
245.86
245.86
245.86
245.87
245.87
245.87
245.87
245.87
245.87
245.86
245.84
245.82
245.80
245.80
245.81
245.81
245.82
245.83
245.83
245.83
245.81
245.81
245.80
245.79
245.79
245.78
245.77
245.76
245.76
245.78
245.82
245.86
245.90
245.94
245.98
time: 25.58381152153015
246.01
246.03
246.05
246.05
246.06
246.08
246.10
246.11
246.13
246.14
246.15
246.16
246.16
246.15
246.14
246.13
246.10
246.07
246.06
246.05
246.04
246.03
246.04
246.03
246.02
246.01
246.00
246.00
246.00
246.01
246.03
246.05
246.08
246.09
246.10
246.09
246.07
246.04
245.99
245.94
245.88
245.82
245.75
245.69
245.61
245.53
245.45
245.38
245.32
245.28
time: 26.115500688552856
245.25
245.24
245.19
245.15
245.11
245.08
245.04
245.01
244.97
244.94
244.92
244.89
244.87
244.86
244.86
244.83
244.81
244.78
244.76
244.73
244.71
244.69
244.65
244.62
244.58
244.55
244.52
244.49
244.48
244.46
244.43
244.39
244.34
244.30
244.25
244.22
244.20
244.19
244.20
244.19
244.19
244.18
244.18
244.19
244.19
244.18
244.18
244.18
244.17
244.17
time: 26.61439561843872
244.18
244.19
244.19
244.19
244.19
244.19
244.19
244.19
244.19
244.19
244.20
244.21
244.22
244.23
244.23
244.23
244.23
244.24
244.25
244.27
244.30
244.31
244.32
244.33
244.33
244.34
244.34
244.35
244.35
244.35
244.34
244.34
244.34
244.34
244.34
244.32
244.32
244.30
244.29
244.27
244.25
244.25
244.25
244.26
244.26
244.25
244.25
244.24
244.24
244.25
time: 27.14624786376953
244.25
244.23
244.22
244.21
244.20
244.20
244.18
244.16
244.15
244.13
244.12
244.12
244.12
244.14
244.14
244.16
244.17
244.18
244.19
244.18
244.19
244.20
244.20
244.19
244.19
244.19
244.18
244.19
244.17
244.16
244.14
244.13
244.12
244.12
244.12
244.12
244.12
244.12
244.11
244.10
244.09
244.09
244.09
244.11
244.13
244.16
244.18
244.20
244.23
244.24
time: 27.644866943359375
244.25
244.25
244.25
244.25
244.24
244.25
244.24
244.24
244.24
244.24
244.23
244.23
244.25
244.26
244.28
244.30
244.31
244.34
244.36
244.37
244.38
244.39
244.40
244.38
244.36
244.35
244.34
244.34
244.34
244.34
244.34
244.33
244.33
244.33
244.33
244.32
244.30
244.30
244.30
244.31
244.33
244.35
244.37
244.39
244.39
244.40
244.41
244.42
244.43
244.43
time: 28.176713228225708
244.44
244.45
244.46
244.48
244.49
244.50
244.50
244.50
244.50
244.50
244.50
244.51
244.53
244.54
244.55
244.55
244.56
244.57
244.58
244.58
244.59
244.59
244.60
244.60
244.59
244.58
244.58
244.57
244.58
244.58
244.59
244.59
244.59
244.58
244.57
244.56
244.55
244.55
244.55
244.55
244.56
244.57
244.56
244.57
244.58
244.60
244.62
244.64
244.65
244.67
time: 28.708630800247192
244.68
244.70
244.72
244.73
244.73
244.74
244.75
244.76
244.77
244.78
244.77
244.78
244.78
244.75
244.75
244.74
244.73
244.72
244.72
244.72
244.73
244.73
244.73
244.74
244.74
244.73
244.72
244.73
244.72
244.71
244.70
244.70
244.69
244.68
244.67
244.67
244.66
244.65
244.63
244.61
244.58
244.57
244.54
244.53
244.53
244.51
244.51
244.50
244.49
244.48
time: 29.2077214717865
244.48
244.47
244.47
244.47
244.46
244.48
244.50
244.52
244.54
244.54
244.55
244.56
244.57
244.59
244.61
244.63
244.65
244.68
244.72
244.76
244.80
244.82
244.85
244.88
244.90
244.92
244.93
244.91
244.89
244.86
244.83
244.79
244.76
244.76
244.76
244.77
244.79
244.82
244.81
244.80
244.75
244.68
244.61
244.53
244.42
244.28
244.11
243.88
243.61
243.31
time: 29.739369869232178
242.99
242.66
242.30
241.91
241.49
241.04
240.57
240.09
239.61
239.11
238.61
238.11
237.60
237.07
236.55
236.03
235.50
234.95
234.41
233.88
233.34
232.78
232.25
231.74
231.25
230.78
230.30
229.83
229.38
228.91
228.43
227.93
227.45
226.95
226.44
225.96
225.50
225.05
224.61
224.06
223.62
223.11
222.65
222.17
221.67
221.18
220.65
220.14
219.63
219.11
time: 30.271138668060303
218.60
218.08
217.51
216.97
216.47
216.02
215.59
215.18
214.73
214.27
213.79
213.30
212.80
212.33
211.88
211.38
210.86
210.29
209.72
209.16
208.60
208.12
207.63
207.13
206.65
206.20
205.73
205.26
204.82
204.41
204.04
203.66
203.26
202.91
202.53
202.17
201.86
201.56
201.29
201.03
200.71
200.44
200.10
199.78
199.49
199.20
198.93
198.68
198.44
198.17
time: 30.769641399383545
197.84
197.46
197.06
196.57
196.08
195.60
195.12
194.67
194.29
193.94
193.62
193.33
193.05
192.78
192.46
192.10
191.75
191.33
190.97
190.53
190.15
189.70
189.30
188.97
188.64
188.35
188.09
187.86
187.64
187.41
187.16
186.94
186.70
186.48
186.29
186.11
185.97
185.85
185.75
185.66
185.59
185.53
185.46
185.35
185.24
185.13
185.07
185.00
184.93
184.83
time: 31.30167841911316
184.69
184.58
184.46
184.37
184.26
184.14
184.00
183.88
183.76
183.66
183.60
183.56
183.52
183.45
183.39
183.34
183.30
183.27
183.25
183.28
183.23
183.18
183.08
183.02
182.88
182.77
182.57
182.36
182.22
182.05
181.97
181.98
181.97
181.87
181.90
181.95
182.01
182.10
182.11
182.16
182.20
182.24
182.28
182.29
182.23
182.12
181.97
181.78
181.67
181.55
time: 31.800429821014404
181.45
181.42
181.36
181.32
181.27
181.21
181.11
181.02
180.95
180.92
180.92
180.88
180.74
180.75
180.78
180.77
180.79
180.83
180.87
180.87
180.95
180.92
180.98
181.05
181.15
181.27
181.31
181.36
181.37
181.39
181.39
181.41
181.41
181.44
181.47
181.51
181.57
181.60
181.61
181.62
181.66
181.66
181.66
181.66
181.66
181.64
181.65
181.66
181.66
181.66
time: 32.33222723007202
181.69
181.70
181.67
181.64
181.68
181.69
181.72
181.65
181.70
181.76
181.86
181.93
182.06
182.22
182.34
182.50
182.64
182.78
182.96
183.09
183.23
183.36
183.46
183.57
183.56
183.60
183.62
183.63
183.65
183.56
183.54
183.52
183.50
183.51
183.51
183.57
183.60
183.61
183.65
183.62
183.62
183.63
183.64
183.62
183.59
183.57
183.57
183.52
183.55
183.59
time: 32.863460302352905
183.64
183.69
183.76
183.85
183.92
184.02
184.09
184.14
184.20
184.27
184.33
184.38
184.44
184.45
184.43
184.49
184.56
184.61
184.67
184.72
184.74
184.79
184.80
184.75
184.78
184.83
184.89
184.92
184.97
185.02
185.07
185.11
185.11
185.08
185.08
185.07
185.02
185.01
184.99
184.97
184.93
184.92
184.91
184.81
184.74
184.65
184.55
184.44
184.41
184.39
time: 33.3627233505249
184.38
184.35
184.33
184.32
184.33
184.30
184.32
184.32
184.34
184.36
184.37
184.38
184.41
184.45
184.46
184.47
184.42
184.43
184.46
184.45
184.44
184.44
184.38
184.38
184.38
184.35
184.35
184.30
184.26
184.25
184.22
184.20
184.22
184.21
184.21
184.23
184.25
184.27
184.30
184.29
184.24
184.26
184.27
184.28
184.31
184.31
184.32
184.32
184.32
184.32
time: 33.89457106590271
184.27
184.25
184.20
184.15
184.13
184.12
184.07
184.04
184.03
183.98
183.97
183.96
183.97
183.98
183.94
183.94
183.93
183.88
183.88
183.84
183.77
183.74
183.74
183.69
183.71
183.72
183.69
183.69
183.66
183.67
183.68
183.68
183.68
183.67
183.61
183.62
183.55
183.55
183.52
183.53
183.49
183.48
183.52
183.50
183.46
183.44
183.43
183.44
183.47
183.48
time: 34.42651057243347
183.48
183.45
183.40
183.38
183.33
183.28
183.28
183.26
183.23
183.22
183.22
183.09
183.06
183.03
182.98
182.95
182.89
182.85
182.81
182.77
182.72
182.64
182.63
182.54
182.54
182.53
182.53
182.51
182.49
182.42
182.43
182.47
182.53
182.54
182.53
182.54
182.56
182.58
182.60
182.61
182.58
182.57
182.60
182.67
182.71
182.74
182.77
182.78
182.79
182.79
time: 34.92509651184082
182.81
182.78
182.79
182.83
182.87
182.89
182.91
182.97
182.96
182.98
182.94
182.91
182.87
182.85
182.71
182.68
182.53
182.48
182.54
182.58
182.63
182.65
182.70
182.73
182.74
182.69
182.60
182.52
182.48
182.36
182.32
182.22
182.13
181.96
181.84
181.76
181.71
181.66
181.62
181.64
181.66
181.66
181.70
181.72
181.78
181.82
181.84
181.87
181.90
181.93
time: 35.4565966129303
181.88
181.86
181.85
181.86
181.86
181.88
181.85
181.84
181.77
181.71
181.58
181.49
181.45
181.47
181.48
181.49
181.41
181.41
181.45
181.51
181.56
181.56
181.57
181.56
181.52
181.48
181.46
181.47
181.51
181.54
181.58
181.60
181.63
181.65
181.67
181.64
181.64
181.63
181.61
181.54
181.46
181.46
181.51
181.52
181.49
181.53
181.57
181.60
181.60
181.60
time: 35.955830097198486
181.59
181.57
181.45
181.46
181.46
181.49
181.50
181.57
181.63
181.68
181.73
181.78
181.78
181.80
181.80
181.83
181.82
181.81
181.83
181.85
181.86
181.84
181.81
181.69
181.71
181.74
181.76
181.75
181.78
181.82
181.87
181.89
181.91
181.90
181.93
181.90
181.89
181.89
181.86
181.88
181.92
181.95
181.98
181.99
181.97
181.94
181.94
181.93
181.92
181.91
time: 36.48713827133179
181.91
181.91
181.92
181.82
181.86
181.90
181.92
181.92
181.96
181.96
181.97
181.97
181.98
182.01
182.02
182.05
182.06
182.06
182.09
181.96
182.01
182.06
182.09
182.13
182.15
182.17
182.22
182.23
182.25
182.28
182.21
182.22
182.26
182.24
182.23
182.25
182.23
182.26
182.33
182.38
182.44
182.48
182.51
182.52
182.54
182.57
182.58
182.58
182.56
182.55
time: 37.01953101158142
182.54
182.54
182.58
182.61
182.63
182.66
182.61
182.64
182.67
182.67
182.64
182.54
182.47
182.45
182.42
182.39
182.32
182.32
182.30
182.27
182.27
182.28
182.26
182.24
182.16
182.17
182.18
182.16
182.13
182.10
182.07
182.05
182.02
182.02
182.02
182.03
182.04
181.99
181.91
181.88
181.81
181.69
181.49
181.41
181.38
181.37
181.35
181.33
181.28
181.27
time: 37.5181303024292
181.26
181.28
181.32
181.37
181.38
181.42
181.44
181.52
181.59
181.66
181.67
181.69
181.59
181.57
181.56
181.52
181.57
181.54
181.58
181.63
181.76
181.82
181.87
181.91
181.92
182.02
182.02
182.05
182.03
182.07
182.10
182.13
182.17
182.21
182.20
182.24
182.27
182.30
182.33
182.33
182.37
182.40
182.43
182.42
182.42
182.42
182.42
182.29
182.31
182.31
time: 38.05007314682007
182.30
182.30
182.13
182.04
181.97
181.88
181.82
181.73
181.76
181.80
181.80
181.83
181.89
181.87
181.90
181.91
181.92
181.87
181.84
181.78
181.79
181.77
181.69
181.68
181.70
181.71
181.70
181.67
181.73
181.78
181.89
181.94
182.01
182.05
182.02
182.05
181.97
181.98
181.99
182.03
182.04
182.07
182.08
182.11
182.15
182.20
182.24
182.26
182.27
182.30
time: 38.58232879638672
182.34
182.38
182.41
182.44
182.44
182.44
182.39
182.26
182.24
182.23
182.15
182.15
182.16
182.18
182.22
182.25
182.22
182.24
182.26
182.17
182.17
182.13
182.10
182.08
181.96
181.98
181.98
181.99
182.01
181.97
182.01
182.04
182.08
182.10
182.12
182.10
182.05
182.07
182.05
182.05
182.07
182.06
182.08
182.10
182.13
182.18
182.18
182.19
182.21
182.22
time: 39.08056831359863
182.23
182.24
182.20
182.18
182.16
182.15
182.05
182.05
182.08
182.12
182.15
182.18
182.27
182.20
182.23
182.22
182.20
182.18
182.12
182.07
182.07
182.09
182.10
182.09
182.08
182.11
182.14
182.18
182.18
182.16
182.16
182.17
182.18
182.15
182.14
182.12
182.14
182.18
182.21
182.22
182.20
182.23
182.21
182.24
182.27
182.26
182.20
182.19
182.18
182.15
time: 39.61263060569763
182.13
182.13
182.12
182.14
182.14
182.14
182.15
182.10
182.05
182.01
181.99
181.93
181.78
181.67
181.68
181.68
181.62
181.65
181.64
181.60
181.55
181.40
181.32
181.27
181.15
181.14
181.12
181.18
181.24
181.25
181.18
181.11
180.97
181.05
180.88
180.66
180.65
180.68
180.73
180.73
180.70
180.69
180.64
180.56
180.56
180.50
180.35
180.13
180.02
179.96
time: 40.111228942871094
180.05
180.23
180.46
180.70
180.93
181.22
181.49
181.72
181.95
182.19
182.44
182.65
182.80
182.92
183.04
183.16
183.29
183.43
183.57
183.73
183.90
184.05
184.16
184.30
184.48
184.66
184.81
184.95
185.05
185.21
185.37
185.53
185.68
185.87
186.06
186.21
186.34
186.49
186.59
186.73
186.87
186.98
187.03
187.11
187.24
187.36
187.38
187.45
187.58
187.68
time: 40.643176555633545
187.78
187.86
187.92
188.06
188.22
188.38
188.53
188.69
188.76
188.82
188.92
188.88
188.75
188.81
188.91
189.05
189.27
189.49
189.73
189.98
190.25
190.47
190.63
190.79
190.92
191.06
191.19
191.30
191.37
191.46
191.48
191.51
191.51
191.51
191.48
191.50
191.57
191.64
191.70
191.69
191.72
191.80
191.87
191.97
192.06
192.11
192.24
192.32
192.42
192.46
time: 41.174861669540405
